4099
2
2
11
19
539
35
43
51
59
2
75
83
603
99
107
115
123
2
139
147
667
163
171
179
187
2
203
211
731
227
235
243
251
2
267
275
795
291
299
307
315
2
331
339
859
355
363
371
379
2
395
403
923
419
427
435
443
2
459
467
987
483
491
499
507
2
11
19
539
35
43
51
59
2
75
83
603
99
107
115
123
2
139
147
667
163
171
179
187
2
203
211
731
227
235
243
251
2
267
275
795
291
299
307
315
2
331
339
859
355
363
371
379
2
395
403
923
419
427
435
443
2
459
467
987
483
491
499
507
2
11
19
539
35
43
51
59
2
75
83
603
99
107
115
123
2
139
147
667
163
171
179
187
2
203
211
731
227
235
243
251
2
267
275
795
291
299
307
315
2
331
339
859
355
363
371
379
2
395
403
923
419
427
435
443
2
459
467
987
483
491
499
507
2
11
19
539
35
43
51
59
2
75
83
603
99
107
115
123
2
139
147
667
163
171
179
187
2
203
211
731
227
235
243
251
2
267
275
795
291
299
307
315
2
331
339
859
355
363
371
379
2
395
403
923
419
427
435
443
2
459
467
987
483
491
499
507
2
11
19
539
35
43
51
59
2
75
83
603
99
107
115
123
2
139
147
667
163
171
179
187
2
203
211
731
227
235
243
251
2
267
275
795
291
299
307
315
2
331
339
859
355
363
371
379
2
395
403
923
419
427
435
443
2
459
467
987
483
491
499
507
2
11
19
539
35
43
51
59
2
75
83
603
99
107
115
123
2
139
147
667
163
171
179
187
2
203
211
731
227
235
243
251
2
267
275
795
291
299
307
315
2
331
339
859
355
363
371
379
2
395
403
923
419
427
435
443
2
459
467
987
483
491
499
507
2
11
19
539
35
43
51
59
2
75
83
603
99
107
115
123
2
139
147
667
163
171
179
187
2
203
211
731
227
235
243
251
2
267
275
795
291
299
307
315
2
331
339
859
355
363
371
379
2
395
403
923
419
427
435
443
2
459
467
987
483
491
499
507
2
11
19
539
35
43
51
59
2
75
83
603
99
107
115
123
2
139
147
667
163
171
179
187
2
203
211
731
227
235
243
251
2
267
275
795
291
299
307
315
2
331
339
859
355
363
371
379
2
395
403
923
419
427
435
443
2
459
467
987
483
491
499
507
3
523
531
1051
547
555
563
571
67
587
595
1115
611
619
627
635
131
651
659
1179
675
683
691
699
195
715
723
1243
739
747
755
763
259
779
787
1307
803
811
819
827
323
843
851
1371
867
875
883
891
387
907
915
1435
931
939
947
955
451
971
979
1499
995
1003
1011
1019
3
523
531
1051
547
555
563
571
67
587
595
1115
611
619
627
635
131
651
659
1179
675
683
691
699
195
715
723
1243
739
747
755
763
259
779
787
1307
803
811
819
827
323
843
851
1371
867
875
883
891
387
907
915
1435
931
939
947
955
451
971
979
1499
995
1003
1011
1019
3
523
531
1051
547
555
563
571
67
587
595
1115
611
619
627
635
131
651
659
1179
675
683
691
699
195
715
723
1243
739
747
755
763
259
779
787
1307
803
811
819
827
323
843
851
1371
867
875
883
891
387
907
915
1435
931
939
947
955
451
971
979
1499
995
1003
1011
1019
3
523
531
1051
547
555
563
571
67
587
595
1115
611
619
627
635
131
651
659
1179
675
683
691
699
195
715
723
1243
739
747
755
763
259
779
787
1307
803
811
819
827
323
843
851
1371
867
875
883
891
387
907
915
1435
931
939
947
955
451
971
979
1499
995
1003
1011
1019
3
523
531
1051
547
555
563
571
67
587
595
1115
611
619
627
635
131
651
659
1179
675
683
691
699
195
715
723
1243
739
747
755
763
259
779
787
1307
803
811
819
827
323
843
851
1371
867
875
883
891
387
907
915
1435
931
939
947
955
451
971
979
1499
995
1003
1011
1019
3
523
531
1051
547
555
563
571
67
587
595
1115
611
619
627
635
131
651
659
1179
675
683
691
699
195
715
723
1243
739
747
755
763
259
779
787
1307
803
811
819
827
323
843
851
1371
867
875
883
891
387
907
915
1435
931
939
947
955
451
971
979
1499
995
1003
1011
1019
3
523
531
1051
547
555
563
571
67
587
595
1115
611
619
627
635
131
651
659
1179
675
683
691
699
195
715
723
1243
739
747
755
763
259
779
787
1307
803
811
819
827
323
843
851
1371
867
875
883
891
387
907
915
1435
931
939
947
955
451
971
979
1499
995
1003
1011
1019
3
523
531
1051
547
555
563
571
67
587
595
1115
611
619
627
635
131
651
659
1179
675
683
691
699
195
715
723
1243
739
747
755
763
259
779
787
1307
803
811
819
827
323
843
851
1371
867
875
883
891
387
907
915
1435
931
939
947
955
451
971
979
1499
995
1003
1011
1019
515
1035
1043
1563
1059
1067
1075
1083
579
1099
1107
1627
1123
1131
1139
1147
643
1163
1171
1691
1187
1195
1203
1211
707
1227
1235
1755
1251
1259
1267
1275
771
1291
1299
1819
1315
1323
1331
1339
835
1355
1363
1883
1379
1387
1395
1403
899
1419
1427
1947
1443
1451
1459
1467
963
1483
1491
2011
1507
1515
1523
1531
515
1035
1043
1563
1059
1067
1075
1083
579
1099
1107
1627
1123
1131
1139
1147
643
1163
1171
1691
1187
1195
1203
1211
707
1227
1235
1755
1251
1259
1267
1275
771
1291
1299
1819
1315
1323
1331
1339
835
1355
1363
1883
1379
1387
1395
1403
899
1419
1427
1947
1443
1451
1459
1467
963
1483
1491
2011
1507
1515
1523
1531
515
1035
1043
1563
1059
1067
1075
1083
579
1099
1107
1627
1123
1131
1139
1147
643
1163
1171
1691
1187
1195
1203
1211
707
1227
1235
1755
1251
1259
1267
1275
771
1291
1299
1819
1315
1323
1331
1339
835
1355
1363
1883
1379
1387
1395
1403
899
1419
1427
1947
1443
1451
1459
1467
963
1483
1491
2011
1507
1515
1523
1531
515
1035
1043
1563
1059
1067
1075
1083
579
1099
1107
1627
1123
1131
1139
1147
643
1163
1171
1691
1187
1195
1203
1211
707
1227
1235
1755
1251
1259
1267
1275
771
1291
1299
1819
1315
1323
1331
1339
835
1355
1363
1883
1379
1387
1395
1403
899
1419
1427
1947
1443
1451
1459
1467
963
1483
1491
2011
1507
1515
1523
1531
515
1035
1043
1563
1059
1067
1075
1083
579
1099
1107
1627
1123
1131
1139
1147
643
1163
1171
1691
1187
1195
1203
1211
707
1227
1235
1755
1251
1259
1267
1275
771
1291
1299
1819
1315
1323
1331
1339
835
1355
1363
1883
1379
1387
1395
1403
899
1419
1427
1947
1443
1451
1459
1467
963
1483
1491
2011
1507
1515
1523
1531
515
1035
1043
1563
1059
1067
1075
1083
579
1099
1107
1627
1123
1131
1139
1147
643
1163
1171
1691
1187
1195
1203
1211
707
1227
1235
1755
1251
1259
1267
1275
771
1291
1299
1819
1315
1323
1331
1339
835
1355
1363
1883
1379
1387
1395
1403
899
1419
1427
1947
1443
1451
1459
1467
963
1483
1491
2011
1507
1515
1523
1531
515
1035
1043
1563
1059
1067
1075
1083
579
1099
1107
1627
1123
1131
1139
1147
643
1163
1171
1691
1187
1195
1203
1211
707
1227
1235
1755
1251
1259
1267
1275
771
1291
1299
1819
1315
1323
1331
1339
835
1355
1363
1883
1379
1387
1395
1403
899
1419
1427
1947
1443
1451
1459
1467
963
1483
1491
2011
1507
1515
1523
1531
515
1035
1043
1563
1059
1067
1075
1083
579
1099
1107
1627
1123
1131
1139
1147
643
1163
1171
1691
1187
1195
1203
1211
707
1227
1235
1755
1251
1259
1267
1275
771
1291
1299
1819
1315
1323
1331
1339
835
1355
1363
1883
1379
1387
1395
1403
899
1419
1427
1947
1443
1451
1459
1467
963
1483
1491
2011
1507
1515
1523
1531
1027
1547
1555
2075
1571
1579
1587
1595
1091
1611
1619
2139
1635
1643
1651
1659
1155
1675
1683
2203
1699
1707
1715
1723
1219
1739
1747
2267
1763
1771
1779
1787
1283
1803
1811
2331
1827
1835
1843
1851
1347
1867
1875
2395
1891
1899
1907
1915
1411
1931
1939
2459
1955
1963
1971
1979
1475
1995
2003
2523
2019
2027
2035
2043
1027
1547
1555
2075
1571
1579
1587
1595
1091
1611
1619
2139
1635
1643
1651
1659
1155
1675
1683
2203
1699
1707
1715
1723
1219
1739
1747
2267
1763
1771
1779
1787
1283
1803
1811
2331
1827
1835
1843
1851
1347
1867
1875
2395
1891
1899
1907
1915
1411
1931
1939
2459
1955
1963
1971
1979
1475
1995
2003
2523
2019
2027
2035
2043
1027
1547
1555
2075
1571
1579
1587
1595
1091
1611
1619
2139
1635
1643
1651
1659
1155
1675
1683
2203
1699
1707
1715
1723
1219
1739
1747
2267
1763
1771
1779
1787
1283
1803
1811
2331
1827
1835
1843
1851
1347
1867
1875
2395
1891
1899
1907
1915
1411
1931
1939
2459
1955
1963
1971
1979
1475
1995
2003
2523
2019
2027
2035
2043
1027
1547
1555
2075
1571
1579
1587
1595
1091
1611
1619
2139
1635
1643
1651
1659
1155
1675
1683
2203
1699
1707
1715
1723
1219
1739
1747
2267
1763
1771
1779
1787
1283
1803
1811
2331
1827
1835
1843
1851
1347
1867
1875
2395
1891
1899
1907
1915
1411
1931
1939
2459
1955
1963
1971
1979
1475
1995
2003
2523
2019
2027
2035
2043
1027
1547
1555
2075
1571
1579
1587
1595
1091
1611
1619
2139
1635
1643
1651
1659
1155
1675
1683
2203
1699
1707
1715
1723
1219
1739
1747
2267
1763
1771
1779
1787
1283
1803
1811
2331
1827
1835
1843
1851
1347
1867
1875
2395
1891
1899
1907
1915
1411
1931
1939
2459
1955
1963
1971
1979
1475
1995
2003
2523
2019
2027
2035
2043
1027
1547
1555
2075
1571
1579
1587
1595
1091
1611
1619
2139
1635
1643
1651
1659
1155
1675
1683
2203
1699
1707
1715
1723
1219
1739
1747
2267
1763
1771
1779
1787
1283
1803
1811
2331
1827
1835
1843
1851
1347
1867
1875
2395
1891
1899
1907
1915
1411
1931
1939
2459
1955
1963
1971
1979
1475
1995
2003
2523
2019
2027
2035
2043
1027
1547
1555
2075
1571
1579
1587
1595
1091
1611
1619
2139
1635
1643
1651
1659
1155
1675
1683
2203
1699
1707
1715
1723
1219
1739
1747
2267
1763
1771
1779
1787
1283
1803
1811
2331
1827
1835
1843
1851
1347
1867
1875
2395
1891
1899
1907
1915
1411
1931
1939
2459
1955
1963
1971
1979
1475
1995
2003
2523
2019
2027
2035
2043
1027
1547
1555
2075
1571
1579
1587
1595
1091
1611
1619
2139
1635
1643
1651
1659
1155
1675
1683
2203
1699
1707
1715
1723
1219
1739
1747
2267
1763
1771
1779
1787
1283
1803
1811
2331
1827
1835
1843
1851
1347
1867
1875
2395
1891
1899
1907
1915
1411
1931
1939
2459
1955
1963
1971
1979
1475
1995
2003
2523
2019
2027
2035
2043
1539
2059
2067
2587
2083
2091
2099
2107
1603
2123
2131
2651
2147
2155
2163
2171
1667
2187
2195
2715
2211
2219
2227
2235
1731
2251
2259
2779
2275
2283
2291
2299
1795
2315
2323
2843
2339
2347
2355
2363
1859
2379
2387
2907
2403
2411
2419
2427
1923
2443
2451
2971
2467
2475
2483
2491
1987
2507
2515
3035
2531
2539
2547
2555
1539
2059
2067
2587
2083
2091
2099
2107
1603
2123
2131
2651
2147
2155
2163
2171
1667
2187
2195
2715
2211
2219
2227
2235
1731
2251
2259
2779
2275
2283
2291
2299
1795
2315
2323
2843
2339
2347
2355
2363
1859
2379
2387
2907
2403
2411
2419
2427
1923
2443
2451
2971
2467
2475
2483
2491
1987
2507
2515
3035
2531
2539
2547
2555
1539
2059
2067
2587
2083
2091
2099
2107
1603
2123
2131
2651
2147
2155
2163
2171
1667
2187
2195
2715
2211
2219
2227
2235
1731
2251
2259
2779
2275
2283
2291
2299
1795
2315
2323
2843
2339
2347
2355
2363
1859
2379
2387
2907
2403
2411
2419
2427
1923
2443
2451
2971
2467
2475
2483
2491
1987
2507
2515
3035
2531
2539
2547
2555
1539
2059
2067
2587
2083
2091
2099
2107
1603
2123
2131
2651
2147
2155
2163
2171
1667
2187
2195
2715
2211
2219
2227
2235
1731
2251
2259
2779
2275
2283
2291
2299
1795
2315
2323
2843
2339
2347
2355
2363
1859
2379
2387
2907
2403
2411
2419
2427
1923
2443
2451
2971
2467
2475
2483
2491
1987
2507
2515
3035
2531
2539
2547
2555
1539
2059
2067
2587
2083
2091
2099
2107
1603
2123
2131
2651
2147
2155
2163
2171
1667
2187
2195
2715
2211
2219
2227
2235
1731
2251
2259
2779
2275
2283
2291
2299
1795
2315
2323
2843
2339
2347
2355
2363
1859
2379
2387
2907
2403
2411
2419
2427
1923
2443
2451
2971
2467
2475
2483
2491
1987
2507
2515
3035
2531
2539
2547
2555
1539
2059
2067
2587
2083
2091
2099
2107
1603
2123
2131
2651
2147
2155
2163
2171
1667
2187
2195
2715
2211
2219
2227
2235
1731
2251
2259
2779
2275
2283
2291
2299
1795
2315
2323
2843
2339
2347
2355
2363
1859
2379
2387
2907
2403
2411
2419
2427
1923
2443
2451
2971
2467
2475
2483
2491
1987
2507
2515
3035
2531
2539
2547
2555
1539
2059
2067
2587
2083
2091
2099
2107
1603
2123
2131
2651
2147
2155
2163
2171
1667
2187
2195
2715
2211
2219
2227
2235
1731
2251
2259
2779
2275
2283
2291
2299
1795
2315
2323
2843
2339
2347
2355
2363
1859
2379
2387
2907
2403
2411
2419
2427
1923
2443
2451
2971
2467
2475
2483
2491
1987
2507
2515
3035
2531
2539
2547
2555
1539
2059
2067
2587
2083
2091
2099
2107
1603
2123
2131
2651
2147
2155
2163
2171
1667
2187
2195
2715
2211
2219
2227
2235
1731
2251
2259
2779
2275
2283
2291
2299
1795
2315
2323
2843
2339
2347
2355
2363
1859
2379
2387
2907
2403
2411
2419
2427
1923
2443
2451
2971
2467
2475
2483
2491
1987
2507
2515
3035
2531
2539
2547
2555
2051
2571
2579
3099
2595
2603
2611
2619
2115
2635
2643
3163
2659
2667
2675
2683
2179
2699
2707
3227
2723
2731
2739
2747
2243
2763
2771
3291
2787
2795
2803
2811
2307
2827
2835
3355
2851
2859
2867
2875
2371
2891
2899
3419
2915
2923
2931
2939
2435
2955
2963
3483
2979
2987
2995
3003
2499
3019
3027
3547
3043
3051
3059
3067
2051
2571
2579
3099
2595
2603
2611
2619
2115
2635
2643
3163
2659
2667
2675
2683
2179
2699
2707
3227
2723
2731
2739
2747
2243
2763
2771
3291
2787
2795
2803
2811
2307
2827
2835
3355
2851
2859
2867
2875
2371
2891
2899
3419
2915
2923
2931
2939
2435
2955
2963
3483
2979
2987
2995
3003
2499
3019
3027
3547
3043
3051
3059
3067
2051
2571
2579
3099
2595
2603
2611
2619
2115
2635
2643
3163
2659
2667
2675
2683
2179
2699
2707
3227
2723
2731
2739
2747
2243
2763
2771
3291
2787
2795
2803
2811
2307
2827
2835
3355
2851
2859
2867
2875
2371
2891
2899
3419
2915
2923
2931
2939
2435
2955
2963
3483
2979
2987
2995
3003
2499
3019
3027
3547
3043
3051
3059
3067
2051
2571
2579
3099
2595
2603
2611
2619
2115
2635
2643
3163
2659
2667
2675
2683
2179
2699
2707
3227
2723
2731
2739
2747
2243
2763
2771
3291
2787
2795
2803
2811
2307
2827
2835
3355
2851
2859
2867
2875
2371
2891
2899
3419
2915
2923
2931
2939
2435
2955
2963
3483
2979
2987
2995
3003
2499
3019
3027
3547
3043
3051
3059
3067
2051
2571
2579
3099
2595
2603
2611
2619
2115
2635
2643
3163
2659
2667
2675
2683
2179
2699
2707
3227
2723
2731
2739
2747
2243
2763
2771
3291
2787
2795
2803
2811
2307
2827
2835
3355
2851
2859
2867
2875
2371
2891
2899
3419
2915
2923
2931
2939
2435
2955
2963
3483
2979
2987
2995
3003
2499
3019
3027
3547
3043
3051
3059
3067
2051
2571
2579
3099
2595
2603
2611
2619
2115
2635
2643
3163
2659
2667
2675
2683
2179
2699
2707
3227
2723
2731
2739
2747
2243
2763
2771
3291
2787
2795
2803
2811
2307
2827
2835
3355
2851
2859
2867
2875
2371
2891
2899
3419
2915
2923
2931
2939
2435
2955
2963
3483
2979
2987
2995
3003
2499
3019
3027
3547
3043
3051
3059
3067
2051
2571
2579
3099
2595
2603
2611
2619
2115
2635
2643
3163
2659
2667
2675
2683
2179
2699
2707
3227
2723
2731
2739
2747
2243
2763
2771
3291
2787
2795
2803
2811
2307
2827
2835
3355
2851
2859
2867
2875
2371
2891
2899
3419
2915
2923
2931
2939
2435
2955
2963
3483
2979
2987
2995
3003
2499
3019
3027
3547
3043
3051
3059
3067
2051
2571
2579
3099
2595
2603
2611
2619
2115
2635
2643
3163
2659
2667
2675
2683
2179
2699
2707
3227
2723
2731
2739
2747
2243
2763
2771
3291
2787
2795
2803
2811
2307
2827
2835
3355
2851
2859
2867
2875
2371
2891
2899
3419
2915
2923
2931
2939
2435
2955
2963
3483
2979
2987
2995
3003
2499
3019
3027
3547
3043
3051
3059
3067
2563
3083
3091
3611
3107
3115
3123
3131
2627
3147
3155
3675
3171
3179
3187
3195
2691
3211
3219
3739
3235
3243
3251
3259
2755
3275
3283
3803
3299
3307
3315
3323
2819
3339
3347
3867
3363
3371
3379
3387
2883
3403
3411
3931
3427
3435
3443
3451
2947
3467
3475
3995
3491
3499
3507
3515
3011
3531
3539
4059
3555
3563
3571
3579
2563
3083
3091
3611
3107
3115
3123
3131
2627
3147
3155
3675
3171
3179
3187
3195
2691
3211
3219
3739
3235
3243
3251
3259
2755
3275
3283
3803
3299
3307
3315
3323
2819
3339
3347
3867
3363
3371
3379
3387
2883
3403
3411
3931
3427
3435
3443
3451
2947
3467
3475
3995
3491
3499
3507
3515
3011
3531
3539
4059
3555
3563
3571
3579
2563
3083
3091
3611
3107
3115
3123
3131
2627
3147
3155
3675
3171
3179
3187
3195
2691
3211
3219
3739
3235
3243
3251
3259
2755
3275
3283
3803
3299
3307
3315
3323
2819
3339
3347
3867
3363
3371
3379
3387
2883
3403
3411
3931
3427
3435
3443
3451
2947
3467
3475
3995
3491
3499
3507
3515
3011
3531
3539
4059
3555
3563
3571
3579
2563
3083
3091
3611
3107
3115
3123
3131
2627
3147
3155
3675
3171
3179
3187
3195
2691
3211
3219
3739
3235
3243
3251
3259
2755
3275
3283
3803
3299
3307
3315
3323
2819
3339
3347
3867
3363
3371
3379
3387
2883
3403
3411
3931
3427
3435
3443
3451
2947
3467
3475
3995
3491
3499
3507
3515
3011
3531
3539
4059
3555
3563
3571
3579
2563
3083
3091
3611
3107
3115
3123
3131
2627
3147
3155
3675
3171
3179
3187
3195
2691
3211
3219
3739
3235
3243
3251
3259
2755
3275
3283
3803
3299
3307
3315
3323
2819
3339
3347
3867
3363
3371
3379
3387
2883
3403
3411
3931
3427
3435
3443
3451
2947
3467
3475
3995
3491
3499
3507
3515
3011
3531
3539
4059
3555
3563
3571
3579
2563
3083
3091
3611
3107
3115
3123
3131
2627
3147
3155
3675
3171
3179
3187
3195
2691
3211
3219
3739
3235
3243
3251
3259
2755
3275
3283
3803
3299
3307
3315
3323
2819
3339
3347
3867
3363
3371
3379
3387
2883
3403
3411
3931
3427
3435
3443
3451
2947
3467
3475
3995
3491
3499
3507
3515
3011
3531
3539
4059
3555
3563
3571
3579
2563
3083
3091
3611
3107
3115
3123
3131
2627
3147
3155
3675
3171
3179
3187
3195
2691
3211
3219
3739
3235
3243
3251
3259
2755
3275
3283
3803
3299
3307
3315
3323
2819
3339
3347
3867
3363
3371
3379
3387
2883
3403
3411
3931
3427
3435
3443
3451
2947
3467
3475
3995
3491
3499
3507
3515
3011
3531
3539
4059
3555
3563
3571
3579
2563
3083
3091
3611
3107
3115
3123
3131
2627
3147
3155
3675
3171
3179
3187
3195
2691
3211
3219
3739
3235
3243
3251
3259
2755
3275
3283
3803
3299
3307
3315
3323
2819
3339
3347
3867
3363
3371
3379
3387
2883
3403
3411
3931
3427
3435
3443
3451
2947
3467
3475
3995
3491
3499
3507
3515
3011
3531
3539
4059
3555
3563
3571
3579
3075
3595
3603
2
3619
3627
3635
3643
3139
3659
3667
2
3683
3691
3699
3707
3203
3723
3731
2
3747
3755
3763
3771
3267
3787
3795
2
3811
3819
3827
3835
3331
3851
3859
2
3875
3883
3891
3899
3395
3915
3923
2
3939
3947
3955
3963
3459
3979
3987
2
4003
4011
4019
4027
3523
4043
4051
2
4067
4075
4083
4091
3075
3595
3603
2
3619
3627
3635
3643
3139
3659
3667
2
3683
3691
3699
3707
3203
3723
3731
2
3747
3755
3763
3771
3267
3787
3795
2
3811
3819
3827
3835
3331
3851
3859
2
3875
3883
3891
3899
3395
3915
3923
2
3939
3947
3955
3963
3459
3979
3987
2
4003
4011
4019
4027
3523
4043
4051
2
4067
4075
4083
4091
3075
3595
3603
2
3619
3627
3635
3643
3139
3659
3667
2
3683
3691
3699
3707
3203
3723
3731
2
3747
3755
3763
3771
3267
3787
3795
2
3811
3819
3827
3835
3331
3851
3859
2
3875
3883
3891
3899
3395
3915
3923
2
3939
3947
3955
3963
3459
3979
3987
2
4003
4011
4019
4027
3523
4043
4051
2
4067
4075
4083
4091
3075
3595
3603
2
3619
3627
3635
3643
3139
3659
3667
2
3683
3691
3699
3707
3203
3723
3731
2
3747
3755
3763
3771
3267
3787
3795
2
3811
3819
3827
3835
3331
3851
3859
2
3875
3883
3891
3899
3395
3915
3923
2
3939
3947
3955
3963
3459
3979
3987
2
4003
4011
4019
4027
3523
4043
4051
2
4067
4075
4083
4091
3075
3595
3603
2
3619
3627
3635
3643
3139
3659
3667
2
3683
3691
3699
3707
3203
3723
3731
2
3747
3755
3763
3771
3267
3787
3795
2
3811
3819
3827
3835
3331
3851
3859
2
3875
3883
3891
3899
3395
3915
3923
2
3939
3947
3955
3963
3459
3979
3987
2
4003
4011
4019
4027
3523
4043
4051
2
4067
4075
4083
4091
3075
3595
3603
2
3619
3627
3635
3643
3139
3659
3667
2
3683
3691
3699
3707
3203
3723
3731
2
3747
3755
3763
3771
3267
3787
3795
2
3811
3819
3827
3835
3331
3851
3859
2
3875
3883
3891
3899
3395
3915
3923
2
3939
3947
3955
3963
3459
3979
3987
2
4003
4011
4019
4027
3523
4043
4051
2
4067
4075
4083
4091
3075
3595
3603
2
3619
3627
3635
3643
3139
3659
3667
2
3683
3691
3699
3707
3203
3723
3731
2
3747
3755
3763
3771
3267
3787
3795
2
3811
3819
3827
3835
3331
3851
3859
2
3875
3883
3891
3899
3395
3915
3923
2
3939
3947
3955
3963
3459
3979
3987
2
4003
4011
4019
4027
3523
4043
4051
2
4067
4075
4083
4091
3075
3595
3603
2
3619
3627
3635
3643
3139
3659
3667
2
3683
3691
3699
3707
3203
3723
3731
2
3747
3755
3763
3771
3267
3787
3795
2
3811
3819
3827
3835
3331
3851
3859
2
3875
3883
3891
3899
3395
3915
3923
2
3939
3947
3955
3963
3459
3979
3987
2
4003
4011
4019
4027
3523
4043
4051
2
4067
4075
4083
4091
4107
4179
4187
4259
4203
4211
4219
4227
1027
1547
1555
2075
1571
1579
1587
1595
1091
1611
1619
2139
1635
1643
1651
1659
1155
1675
1683
2203
1699
1707
1715
1723
1219
1739
1747
2267
1763
1771
1779
1787
1283
1803
1811
2331
1827
1835
1843
1851
1347
1867
1875
2395
1891
1899
1907
1915
1411
1931
1939
2459
1955
1963
1971
1979
1475
1995
2003
2523
2019
2027
2035
2043
1539
2059
2067
2587
2083
2091
2099
2107
1603
2123
2131
2651
2147
2155
2163
2171
1667
2187
2195
2715
2211
2219
2227
2235
1731
2251
2259
2779
2275
2283
2291
2299
1795
2315
2323
2843
2339
2347
2355
2363
1859
2379
2387
2907
2403
2411
2419
2427
1923
2443
2451
2971
2467
2475
2483
2491
1987
2507
2515
3035
2531
2539
2547
2555
2051
2571
2579
3099
2595
2603
2611
2619
2115
2635
2643
3163
2659
2667
2675
2683
2179
2699
2707
3227
2723
2731
2739
2747
2243
2763
2771
3291
2787
2795
2803
2811
2307
2827
2835
3355
2851
2859
2867
2875
2371
2891
2899
3419
2915
2923
2931
2939
2435
2955
2963
3483
2979
2987
2995
3003
2499
3019
3027
3547
3043
3051
3059
3067
