4100
2
2
12
20
540
36
44
52
60
2
76
84
604
100
108
116
124
2
140
148
668
164
172
180
188
2
204
212
732
228
236
244
252
2
268
276
796
292
300
308
316
2
332
340
860
356
364
372
380
2
396
404
924
420
428
436
444
2
460
468
988
484
492
500
508
2
12
20
540
36
44
52
60
2
76
84
604
100
108
116
124
2
140
148
668
164
172
180
188
2
204
212
732
228
236
244
252
2
268
276
796
292
300
308
316
2
332
340
860
356
364
372
380
2
396
404
924
420
428
436
444
2
460
468
988
484
492
500
508
2
12
20
540
36
44
52
60
2
76
84
604
100
108
116
124
2
140
148
668
164
172
180
188
2
204
212
732
228
236
244
252
2
268
276
796
292
300
308
316
2
332
340
860
356
364
372
380
2
396
404
924
420
428
436
444
2
460
468
988
484
492
500
508
2
12
20
540
36
44
52
60
2
76
84
604
100
108
116
124
2
140
148
668
164
172
180
188
2
204
212
732
228
236
244
252
2
268
276
796
292
300
308
316
2
332
340
860
356
364
372
380
2
396
404
924
420
428
436
444
2
460
468
988
484
492
500
508
2
12
20
540
36
44
52
60
2
76
84
604
100
108
116
124
2
140
148
668
164
172
180
188
2
204
212
732
228
236
244
252
2
268
276
796
292
300
308
316
2
332
340
860
356
364
372
380
2
396
404
924
420
428
436
444
2
460
468
988
484
492
500
508
2
12
20
540
36
44
52
60
2
76
84
604
100
108
116
124
2
140
148
668
164
172
180
188
2
204
212
732
228
236
244
252
2
268
276
796
292
300
308
316
2
332
340
860
356
364
372
380
2
396
404
924
420
428
436
444
2
460
468
988
484
492
500
508
2
12
20
540
36
44
52
60
2
76
84
604
100
108
116
124
2
140
148
668
164
172
180
188
2
204
212
732
228
236
244
252
2
268
276
796
292
300
308
316
2
332
340
860
356
364
372
380
2
396
404
924
420
428
436
444
2
460
468
988
484
492
500
508
2
12
20
540
36
44
52
60
2
76
84
604
100
108
116
124
2
140
148
668
164
172
180
188
2
204
212
732
228
236
244
252
2
268
276
796
292
300
308
316
2
332
340
860
356
364
372
380
2
396
404
924
420
428
436
444
2
460
468
988
484
492
500
508
4
524
532
1052
548
556
564
572
68
588
596
1116
612
620
628
636
132
652
660
1180
676
684
692
700
196
716
724
1244
740
748
756
764
260
780
788
1308
804
812
820
828
324
844
852
1372
868
876
884
892
388
908
916
1436
932
940
948
956
452
972
980
1500
996
1004
1012
1020
4
524
532
1052
548
556
564
572
68
588
596
1116
612
620
628
636
132
652
660
1180
676
684
692
700
196
716
724
1244
740
748
756
764
260
780
788
1308
804
812
820
828
324
844
852
1372
868
876
884
892
388
908
916
1436
932
940
948
956
452
972
980
1500
996
1004
1012
1020
4
524
532
1052
548
556
564
572
68
588
596
1116
612
620
628
636
132
652
660
1180
676
684
692
700
196
716
724
1244
740
748
756
764
260
780
788
1308
804
812
820
828
324
844
852
1372
868
876
884
892
388
908
916
1436
932
940
948
956
452
972
980
1500
996
1004
1012
1020
4
524
532
1052
548
556
564
572
68
588
596
1116
612
620
628
636
132
652
660
1180
676
684
692
700
196
716
724
1244
740
748
756
764
260
780
788
1308
804
812
820
828
324
844
852
1372
868
876
884
892
388
908
916
1436
932
940
948
956
452
972
980
1500
996
1004
1012
1020
4
524
532
1052
548
556
564
572
68
588
596
1116
612
620
628
636
132
652
660
1180
676
684
692
700
196
716
724
1244
740
748
756
764
260
780
788
1308
804
812
820
828
324
844
852
1372
868
876
884
892
388
908
916
1436
932
940
948
956
452
972
980
1500
996
1004
1012
1020
4
524
532
1052
548
556
564
572
68
588
596
1116
612
620
628
636
132
652
660
1180
676
684
692
700
196
716
724
1244
740
748
756
764
260
780
788
1308
804
812
820
828
324
844
852
1372
868
876
884
892
388
908
916
1436
932
940
948
956
452
972
980
1500
996
1004
1012
1020
4
524
532
1052
548
556
564
572
68
588
596
1116
612
620
628
636
132
652
660
1180
676
684
692
700
196
716
724
1244
740
748
756
764
260
780
788
1308
804
812
820
828
324
844
852
1372
868
876
884
892
388
908
916
1436
932
940
948
956
452
972
980
1500
996
1004
1012
1020
4
524
532
1052
548
556
564
572
68
588
596
1116
612
620
628
636
132
652
660
1180
676
684
692
700
196
716
724
1244
740
748
756
764
260
780
788
1308
804
812
820
828
324
844
852
1372
868
876
884
892
388
908
916
1436
932
940
948
956
452
972
980
1500
996
1004
1012
1020
516
1036
1044
1564
1060
1068
1076
1084
580
1100
1108
1628
1124
1132
1140
1148
644
1164
1172
1692
1188
1196
1204
1212
708
1228
1236
1756
1252
1260
1268
1276
772
1292
1300
1820
1316
1324
1332
1340
836
1356
1364
1884
1380
1388
1396
1404
900
1420
1428
1948
1444
1452
1460
1468
964
1484
1492
2012
1508
1516
1524
1532
516
1036
1044
1564
1060
1068
1076
1084
580
1100
1108
1628
1124
1132
1140
1148
644
1164
1172
1692
1188
1196
1204
1212
708
1228
1236
1756
1252
1260
1268
1276
772
1292
1300
1820
1316
1324
1332
1340
836
1356
1364
1884
1380
1388
1396
1404
900
1420
1428
1948
1444
1452
1460
1468
964
1484
1492
2012
1508
1516
1524
1532
516
1036
1044
1564
1060
1068
1076
1084
580
1100
1108
1628
1124
1132
1140
1148
644
1164
1172
1692
1188
1196
1204
1212
708
1228
1236
1756
1252
1260
1268
1276
772
1292
1300
1820
1316
1324
1332
1340
836
1356
1364
1884
1380
1388
1396
1404
900
1420
1428
1948
1444
1452
1460
1468
964
1484
1492
2012
1508
1516
1524
1532
516
1036
1044
1564
1060
1068
1076
1084
580
1100
1108
1628
1124
1132
1140
1148
644
1164
1172
1692
1188
1196
1204
1212
708
1228
1236
1756
1252
1260
1268
1276
772
1292
1300
1820
1316
1324
1332
1340
836
1356
1364
1884
1380
1388
1396
1404
900
1420
1428
1948
1444
1452
1460
1468
964
1484
1492
2012
1508
1516
1524
1532
516
1036
1044
1564
1060
1068
1076
1084
580
1100
1108
1628
1124
1132
1140
1148
644
1164
1172
1692
1188
1196
1204
1212
708
1228
1236
1756
1252
1260
1268
1276
772
1292
1300
1820
1316
1324
1332
1340
836
1356
1364
1884
1380
1388
1396
1404
900
1420
1428
1948
1444
1452
1460
1468
964
1484
1492
2012
1508
1516
1524
1532
516
1036
1044
1564
1060
1068
1076
1084
580
1100
1108
1628
1124
1132
1140
1148
644
1164
1172
1692
1188
1196
1204
1212
708
1228
1236
1756
1252
1260
1268
1276
772
1292
1300
1820
1316
1324
1332
1340
836
1356
1364
1884
1380
1388
1396
1404
900
1420
1428
1948
1444
1452
1460
1468
964
1484
1492
2012
1508
1516
1524
1532
516
1036
1044
1564
1060
1068
1076
1084
580
1100
1108
1628
1124
1132
1140
1148
644
1164
1172
1692
1188
1196
1204
1212
708
1228
1236
1756
1252
1260
1268
1276
772
1292
1300
1820
1316
1324
1332
1340
836
1356
1364
1884
1380
1388
1396
1404
900
1420
1428
1948
1444
1452
1460
1468
964
1484
1492
2012
1508
1516
1524
1532
516
1036
1044
1564
1060
1068
1076
1084
580
1100
1108
1628
1124
1132
1140
1148
644
1164
1172
1692
1188
1196
1204
1212
708
1228
1236
1756
1252
1260
1268
1276
772
1292
1300
1820
1316
1324
1332
1340
836
1356
1364
1884
1380
1388
1396
1404
900
1420
1428
1948
1444
1452
1460
1468
964
1484
1492
2012
1508
1516
1524
1532
1028
1548
1556
2076
1572
1580
1588
1596
1092
1612
1620
2140
1636
1644
1652
1660
1156
1676
1684
2204
1700
1708
1716
1724
1220
1740
1748
2268
1764
1772
1780
1788
1284
1804
1812
2332
1828
1836
1844
1852
1348
1868
1876
2396
1892
1900
1908
1916
1412
1932
1940
2460
1956
1964
1972
1980
1476
1996
2004
2524
2020
2028
2036
2044
1028
1548
1556
2076
1572
1580
1588
1596
1092
1612
1620
2140
1636
1644
1652
1660
1156
1676
1684
2204
1700
1708
1716
1724
1220
1740
1748
2268
1764
1772
1780
1788
1284
1804
1812
2332
1828
1836
1844
1852
1348
1868
1876
2396
1892
1900
1908
1916
1412
1932
1940
2460
1956
1964
1972
1980
1476
1996
2004
2524
2020
2028
2036
2044
1028
1548
1556
2076
1572
1580
1588
1596
1092
1612
1620
2140
1636
1644
1652
1660
1156
1676
1684
2204
1700
1708
1716
1724
1220
1740
1748
2268
1764
1772
1780
1788
1284
1804
1812
2332
1828
1836
1844
1852
1348
1868
1876
2396
1892
1900
1908
1916
1412
1932
1940
2460
1956
1964
1972
1980
1476
1996
2004
2524
2020
2028
2036
2044
1028
1548
1556
2076
1572
1580
1588
1596
1092
1612
1620
2140
1636
1644
1652
1660
1156
1676
1684
2204
1700
1708
1716
1724
1220
1740
1748
2268
1764
1772
1780
1788
1284
1804
1812
2332
1828
1836
1844
1852
1348
1868
1876
2396
1892
1900
1908
1916
1412
1932
1940
2460
1956
1964
1972
1980
1476
1996
2004
2524
2020
2028
2036
2044
1028
1548
1556
2076
1572
1580
1588
1596
1092
1612
1620
2140
1636
1644
1652
1660
1156
1676
1684
2204
1700
1708
1716
1724
1220
1740
1748
2268
1764
1772
1780
1788
1284
1804
1812
2332
1828
1836
1844
1852
1348
1868
1876
2396
1892
1900
1908
1916
1412
1932
1940
2460
1956
1964
1972
1980
1476
1996
2004
2524
2020
2028
2036
2044
1028
1548
1556
2076
1572
1580
1588
1596
1092
1612
1620
2140
1636
1644
1652
1660
1156
1676
1684
2204
1700
1708
1716
1724
1220
1740
1748
2268
1764
1772
1780
1788
1284
1804
1812
2332
1828
1836
1844
1852
1348
1868
1876
2396
1892
1900
1908
1916
1412
1932
1940
2460
1956
1964
1972
1980
1476
1996
2004
2524
2020
2028
2036
2044
1028
1548
1556
2076
1572
1580
1588
1596
1092
1612
1620
2140
1636
1644
1652
1660
1156
1676
1684
2204
1700
1708
1716
1724
1220
1740
1748
2268
1764
1772
1780
1788
1284
1804
1812
2332
1828
1836
1844
1852
1348
1868
1876
2396
1892
1900
1908
1916
1412
1932
1940
2460
1956
1964
1972
1980
1476
1996
2004
2524
2020
2028
2036
2044
1028
1548
1556
2076
1572
1580
1588
1596
1092
1612
1620
2140
1636
1644
1652
1660
1156
1676
1684
2204
1700
1708
1716
1724
1220
1740
1748
2268
1764
1772
1780
1788
1284
1804
1812
2332
1828
1836
1844
1852
1348
1868
1876
2396
1892
1900
1908
1916
1412
1932
1940
2460
1956
1964
1972
1980
1476
1996
2004
2524
2020
2028
2036
2044
1540
2060
2068
2588
2084
2092
2100
2108
1604
2124
2132
2652
2148
2156
2164
2172
1668
2188
2196
2716
2212
2220
2228
2236
1732
2252
2260
2780
2276
2284
2292
2300
1796
2316
2324
2844
2340
2348
2356
2364
1860
2380
2388
2908
2404
2412
2420
2428
1924
2444
2452
2972
2468
2476
2484
2492
1988
2508
2516
3036
2532
2540
2548
2556
1540
2060
2068
2588
2084
2092
2100
2108
1604
2124
2132
2652
2148
2156
2164
2172
1668
2188
2196
2716
2212
2220
2228
2236
1732
2252
2260
2780
2276
2284
2292
2300
1796
2316
2324
2844
2340
2348
2356
2364
1860
2380
2388
2908
2404
2412
2420
2428
1924
2444
2452
2972
2468
2476
2484
2492
1988
2508
2516
3036
2532
2540
2548
2556
1540
2060
2068
2588
2084
2092
2100
2108
1604
2124
2132
2652
2148
2156
2164
2172
1668
2188
2196
2716
2212
2220
2228
2236
1732
2252
2260
2780
2276
2284
2292
2300
1796
2316
2324
2844
2340
2348
2356
2364
1860
2380
2388
2908
2404
2412
2420
2428
1924
2444
2452
2972
2468
2476
2484
2492
1988
2508
2516
3036
2532
2540
2548
2556
1540
2060
2068
2588
2084
2092
2100
2108
1604
2124
2132
2652
2148
2156
2164
2172
1668
2188
2196
2716
2212
2220
2228
2236
1732
2252
2260
2780
2276
2284
2292
2300
1796
2316
2324
2844
2340
2348
2356
2364
1860
2380
2388
2908
2404
2412
2420
2428
1924
2444
2452
2972
2468
2476
2484
2492
1988
2508
2516
3036
2532
2540
2548
2556
1540
2060
2068
2588
2084
2092
2100
2108
1604
2124
2132
2652
2148
2156
2164
2172
1668
2188
2196
2716
2212
2220
2228
2236
1732
2252
2260
2780
2276
2284
2292
2300
1796
2316
2324
2844
2340
2348
2356
2364
1860
2380
2388
2908
2404
2412
2420
2428
1924
2444
2452
2972
2468
2476
2484
2492
1988
2508
2516
3036
2532
2540
2548
2556
1540
2060
2068
2588
2084
2092
2100
2108
1604
2124
2132
2652
2148
2156
2164
2172
1668
2188
2196
2716
2212
2220
2228
2236
1732
2252
2260
2780
2276
2284
2292
2300
1796
2316
2324
2844
2340
2348
2356
2364
1860
2380
2388
2908
2404
2412
2420
2428
1924
2444
2452
2972
2468
2476
2484
2492
1988
2508
2516
3036
2532
2540
2548
2556
1540
2060
2068
2588
2084
2092
2100
2108
1604
2124
2132
2652
2148
2156
2164
2172
1668
2188
2196
2716
2212
2220
2228
2236
1732
2252
2260
2780
2276
2284
2292
2300
1796
2316
2324
2844
2340
2348
2356
2364
1860
2380
2388
2908
2404
2412
2420
2428
1924
2444
2452
2972
2468
2476
2484
2492
1988
2508
2516
3036
2532
2540
2548
2556
1540
2060
2068
2588
2084
2092
2100
2108
1604
2124
2132
2652
2148
2156
2164
2172
1668
2188
2196
2716
2212
2220
2228
2236
1732
2252
2260
2780
2276
2284
2292
2300
1796
2316
2324
2844
2340
2348
2356
2364
1860
2380
2388
2908
2404
2412
2420
2428
1924
2444
2452
2972
2468
2476
2484
2492
1988
2508
2516
3036
2532
2540
2548
2556
2052
2572
2580
3100
2596
2604
2612
2620
2116
2636
2644
3164
2660
2668
2676
2684
2180
2700
2708
3228
2724
2732
2740
2748
2244
2764
2772
3292
2788
2796
2804
2812
2308
2828
2836
3356
2852
2860
2868
2876
2372
2892
2900
3420
2916
2924
2932
2940
2436
2956
2964
3484
2980
2988
2996
3004
2500
3020
3028
3548
3044
3052
3060
3068
2052
2572
2580
3100
2596
2604
2612
2620
2116
2636
2644
3164
2660
2668
2676
2684
2180
2700
2708
3228
2724
2732
2740
2748
2244
2764
2772
3292
2788
2796
2804
2812
2308
2828
2836
3356
2852
2860
2868
2876
2372
2892
2900
3420
2916
2924
2932
2940
2436
2956
2964
3484
2980
2988
2996
3004
2500
3020
3028
3548
3044
3052
3060
3068
2052
2572
2580
3100
2596
2604
2612
2620
2116
2636
2644
3164
2660
2668
2676
2684
2180
2700
2708
3228
2724
2732
2740
2748
2244
2764
2772
3292
2788
2796
2804
2812
2308
2828
2836
3356
2852
2860
2868
2876
2372
2892
2900
3420
2916
2924
2932
2940
2436
2956
2964
3484
2980
2988
2996
3004
2500
3020
3028
3548
3044
3052
3060
3068
2052
2572
2580
3100
2596
2604
2612
2620
2116
2636
2644
3164
2660
2668
2676
2684
2180
2700
2708
3228
2724
2732
2740
2748
2244
2764
2772
3292
2788
2796
2804
2812
2308
2828
2836
3356
2852
2860
2868
2876
2372
2892
2900
3420
2916
2924
2932
2940
2436
2956
2964
3484
2980
2988
2996
3004
2500
3020
3028
3548
3044
3052
3060
3068
2052
2572
2580
3100
2596
2604
2612
2620
2116
2636
2644
3164
2660
2668
2676
2684
2180
2700
2708
3228
2724
2732
2740
2748
2244
2764
2772
3292
2788
2796
2804
2812
2308
2828
2836
3356
2852
2860
2868
2876
2372
2892
2900
3420
2916
2924
2932
2940
2436
2956
2964
3484
2980
2988
2996
3004
2500
3020
3028
3548
3044
3052
3060
3068
2052
2572
2580
3100
2596
2604
2612
2620
2116
2636
2644
3164
2660
2668
2676
2684
2180
2700
2708
3228
2724
2732
2740
2748
2244
2764
2772
3292
2788
2796
2804
2812
2308
2828
2836
3356
2852
2860
2868
2876
2372
2892
2900
3420
2916
2924
2932
2940
2436
2956
2964
3484
2980
2988
2996
3004
2500
3020
3028
3548
3044
3052
3060
3068
2052
2572
2580
3100
2596
2604
2612
2620
2116
2636
2644
3164
2660
2668
2676
2684
2180
2700
2708
3228
2724
2732
2740
2748
2244
2764
2772
3292
2788
2796
2804
2812
2308
2828
2836
3356
2852
2860
2868
2876
2372
2892
2900
3420
2916
2924
2932
2940
2436
2956
2964
3484
2980
2988
2996
3004
2500
3020
3028
3548
3044
3052
3060
3068
2052
2572
2580
3100
2596
2604
2612
2620
2116
2636
2644
3164
2660
2668
2676
2684
2180
2700
2708
3228
2724
2732
2740
2748
2244
2764
2772
3292
2788
2796
2804
2812
2308
2828
2836
3356
2852
2860
2868
2876
2372
2892
2900
3420
2916
2924
2932
2940
2436
2956
2964
3484
2980
2988
2996
3004
2500
3020
3028
3548
3044
3052
3060
3068
2564
3084
3092
3612
3108
3116
3124
3132
2628
3148
3156
3676
3172
3180
3188
3196
2692
3212
3220
3740
3236
3244
3252
3260
2756
3276
3284
3804
3300
3308
3316
3324
2820
3340
3348
3868
3364
3372
3380
3388
2884
3404
3412
3932
3428
3436
3444
3452
2948
3468
3476
3996
3492
3500
3508
3516
3012
3532
3540
4060
3556
3564
3572
3580
2564
3084
3092
3612
3108
3116
3124
3132
2628
3148
3156
3676
3172
3180
3188
3196
2692
3212
3220
3740
3236
3244
3252
3260
2756
3276
3284
3804
3300
3308
3316
3324
2820
3340
3348
3868
3364
3372
3380
3388
2884
3404
3412
3932
3428
3436
3444
3452
2948
3468
3476
3996
3492
3500
3508
3516
3012
3532
3540
4060
3556
3564
3572
3580
2564
3084
3092
3612
3108
3116
3124
3132
2628
3148
3156
3676
3172
3180
3188
3196
2692
3212
3220
3740
3236
3244
3252
3260
2756
3276
3284
3804
3300
3308
3316
3324
2820
3340
3348
3868
3364
3372
3380
3388
2884
3404
3412
3932
3428
3436
3444
3452
2948
3468
3476
3996
3492
3500
3508
3516
3012
3532
3540
4060
3556
3564
3572
3580
2564
3084
3092
3612
3108
3116
3124
3132
2628
3148
3156
3676
3172
3180
3188
3196
2692
3212
3220
3740
3236
3244
3252
3260
2756
3276
3284
3804
3300
3308
3316
3324
2820
3340
3348
3868
3364
3372
3380
3388
2884
3404
3412
3932
3428
3436
3444
3452
2948
3468
3476
3996
3492
3500
3508
3516
3012
3532
3540
4060
3556
3564
3572
3580
2564
3084
3092
3612
3108
3116
3124
3132
2628
3148
3156
3676
3172
3180
3188
3196
2692
3212
3220
3740
3236
3244
3252
3260
2756
3276
3284
3804
3300
3308
3316
3324
2820
3340
3348
3868
3364
3372
3380
3388
2884
3404
3412
3932
3428
3436
3444
3452
2948
3468
3476
3996
3492
3500
3508
3516
3012
3532
3540
4060
3556
3564
3572
3580
2564
3084
3092
3612
3108
3116
3124
3132
2628
3148
3156
3676
3172
3180
3188
3196
2692
3212
3220
3740
3236
3244
3252
3260
2756
3276
3284
3804
3300
3308
3316
3324
2820
3340
3348
3868
3364
3372
3380
3388
2884
3404
3412
3932
3428
3436
3444
3452
2948
3468
3476
3996
3492
3500
3508
3516
3012
3532
3540
4060
3556
3564
3572
3580
2564
3084
3092
3612
3108
3116
3124
3132
2628
3148
3156
3676
3172
3180
3188
3196
2692
3212
3220
3740
3236
3244
3252
3260
2756
3276
3284
3804
3300
3308
3316
3324
2820
3340
3348
3868
3364
3372
3380
3388
2884
3404
3412
3932
3428
3436
3444
3452
2948
3468
3476
3996
3492
3500
3508
3516
3012
3532
3540
4060
3556
3564
3572
3580
2564
3084
3092
3612
3108
3116
3124
3132
2628
3148
3156
3676
3172
3180
3188
3196
2692
3212
3220
3740
3236
3244
3252
3260
2756
3276
3284
3804
3300
3308
3316
3324
2820
3340
3348
3868
3364
3372
3380
3388
2884
3404
3412
3932
3428
3436
3444
3452
2948
3468
3476
3996
3492
3500
3508
3516
3012
3532
3540
4060
3556
3564
3572
3580
3076
3596
3604
2
3620
3628
3636
3644
3140
3660
3668
2
3684
3692
3700
3708
3204
3724
3732
2
3748
3756
3764
3772
3268
3788
3796
2
3812
3820
3828
3836
3332
3852
3860
2
3876
3884
3892
3900
3396
3916
3924
2
3940
3948
3956
3964
3460
3980
3988
2
4004
4012
4020
4028
3524
4044
4052
2
4068
4076
4084
4092
3076
3596
3604
2
3620
3628
3636
3644
3140
3660
3668
2
3684
3692
3700
3708
3204
3724
3732
2
3748
3756
3764
3772
3268
3788
3796
2
3812
3820
3828
3836
3332
3852
3860
2
3876
3884
3892
3900
3396
3916
3924
2
3940
3948
3956
3964
3460
3980
3988
2
4004
4012
4020
4028
3524
4044
4052
2
4068
4076
4084
4092
3076
3596
3604
2
3620
3628
3636
3644
3140
3660
3668
2
3684
3692
3700
3708
3204
3724
3732
2
3748
3756
3764
3772
3268
3788
3796
2
3812
3820
3828
3836
3332
3852
3860
2
3876
3884
3892
3900
3396
3916
3924
2
3940
3948
3956
3964
3460
3980
3988
2
4004
4012
4020
4028
3524
4044
4052
2
4068
4076
4084
4092
3076
3596
3604
2
3620
3628
3636
3644
3140
3660
3668
2
3684
3692
3700
3708
3204
3724
3732
2
3748
3756
3764
3772
3268
3788
3796
2
3812
3820
3828
3836
3332
3852
3860
2
3876
3884
3892
3900
3396
3916
3924
2
3940
3948
3956
3964
3460
3980
3988
2
4004
4012
4020
4028
3524
4044
4052
2
4068
4076
4084
4092
3076
3596
3604
2
3620
3628
3636
3644
3140
3660
3668
2
3684
3692
3700
3708
3204
3724
3732
2
3748
3756
3764
3772
3268
3788
3796
2
3812
3820
3828
3836
3332
3852
3860
2
3876
3884
3892
3900
3396
3916
3924
2
3940
3948
3956
3964
3460
3980
3988
2
4004
4012
4020
4028
3524
4044
4052
2
4068
4076
4084
4092
3076
3596
3604
2
3620
3628
3636
3644
3140
3660
3668
2
3684
3692
3700
3708
3204
3724
3732
2
3748
3756
3764
3772
3268
3788
3796
2
3812
3820
3828
3836
3332
3852
3860
2
3876
3884
3892
3900
3396
3916
3924
2
3940
3948
3956
3964
3460
3980
3988
2
4004
4012
4020
4028
3524
4044
4052
2
4068
4076
4084
4092
3076
3596
3604
2
3620
3628
3636
3644
3140
3660
3668
2
3684
3692
3700
3708
3204
3724
3732
2
3748
3756
3764
3772
3268
3788
3796
2
3812
3820
3828
3836
3332
3852
3860
2
3876
3884
3892
3900
3396
3916
3924
2
3940
3948
3956
3964
3460
3980
3988
2
4004
4012
4020
4028
3524
4044
4052
2
4068
4076
4084
4092
3076
3596
3604
2
3620
3628
3636
3644
3140
3660
3668
2
3684
3692
3700
3708
3204
3724
3732
2
3748
3756
3764
3772
3268
3788
3796
2
3812
3820
3828
3836
3332
3852
3860
2
3876
3884
3892
3900
3396
3916
3924
2
3940
3948
3956
3964
3460
3980
3988
2
4004
4012
4020
4028
3524
4044
4052
2
4068
4076
4084
4092
4108
4180
4188
4260
4204
4212
4220
4228
1028
1548
1556
2076
1572
1580
1588
1596
1092
1612
1620
2140
1636
1644
1652
1660
1156
1676
1684
2204
1700
1708
1716
1724
1220
1740
1748
2268
1764
1772
1780
1788
1284
1804
1812
2332
1828
1836
1844
1852
1348
1868
1876
2396
1892
1900
1908
1916
1412
1932
1940
2460
1956
1964
1972
1980
1476
1996
2004
2524
2020
2028
2036
2044
1540
2060
2068
2588
2084
2092
2100
2108
1604
2124
2132
2652
2148
2156
2164
2172
1668
2188
2196
2716
2212
2220
2228
2236
1732
2252
2260
2780
2276
2284
2292
2300
1796
2316
2324
2844
2340
2348
2356
2364
1860
2380
2388
2908
2404
2412
2420
2428
1924
2444
2452
2972
2468
2476
2484
2492
1988
2508
2516
3036
2532
2540
2548
2556
2052
2572
2580
3100
2596
2604
2612
2620
2116
2636
2644
3164
2660
2668
2676
2684
2180
2700
2708
3228
2724
2732
2740
2748
2244
2764
2772
3292
2788
2796
2804
2812
2308
2828
2836
3356
2852
2860
2868
2876
2372
2892
2900
3420
2916
2924
2932
2940
2436
2956
2964
3484
2980
2988
2996
3004
2500
3020
3028
3548
3044
3052
3060
3068
