4101
2
2
13
21
541
37
45
53
61
2
77
85
605
101
109
117
125
2
141
149
669
165
173
181
189
2
205
213
733
229
237
245
253
2
269
277
797
293
301
309
317
2
333
341
861
357
365
373
381
2
397
405
925
421
429
437
445
2
461
469
989
485
493
501
509
2
13
21
541
37
45
53
61
2
77
85
605
101
109
117
125
2
141
149
669
165
173
181
189
2
205
213
733
229
237
245
253
2
269
277
797
293
301
309
317
2
333
341
861
357
365
373
381
2
397
405
925
421
429
437
445
2
461
469
989
485
493
501
509
2
13
21
541
37
45
53
61
2
77
85
605
101
109
117
125
2
141
149
669
165
173
181
189
2
205
213
733
229
237
245
253
2
269
277
797
293
301
309
317
2
333
341
861
357
365
373
381
2
397
405
925
421
429
437
445
2
461
469
989
485
493
501
509
2
13
21
541
37
45
53
61
2
77
85
605
101
109
117
125
2
141
149
669
165
173
181
189
2
205
213
733
229
237
245
253
2
269
277
797
293
301
309
317
2
333
341
861
357
365
373
381
2
397
405
925
421
429
437
445
2
461
469
989
485
493
501
509
2
13
21
541
37
45
53
61
2
77
85
605
101
109
117
125
2
141
149
669
165
173
181
189
2
205
213
733
229
237
245
253
2
269
277
797
293
301
309
317
2
333
341
861
357
365
373
381
2
397
405
925
421
429
437
445
2
461
469
989
485
493
501
509
2
13
21
541
37
45
53
61
2
77
85
605
101
109
117
125
2
141
149
669
165
173
181
189
2
205
213
733
229
237
245
253
2
269
277
797
293
301
309
317
2
333
341
861
357
365
373
381
2
397
405
925
421
429
437
445
2
461
469
989
485
493
501
509
2
13
21
541
37
45
53
61
2
77
85
605
101
109
117
125
2
141
149
669
165
173
181
189
2
205
213
733
229
237
245
253
2
269
277
797
293
301
309
317
2
333
341
861
357
365
373
381
2
397
405
925
421
429
437
445
2
461
469
989
485
493
501
509
2
13
21
541
37
45
53
61
2
77
85
605
101
109
117
125
2
141
149
669
165
173
181
189
2
205
213
733
229
237
245
253
2
269
277
797
293
301
309
317
2
333
341
861
357
365
373
381
2
397
405
925
421
429
437
445
2
461
469
989
485
493
501
509
5
525
533
1053
549
557
565
573
69
589
597
1117
613
621
629
637
133
653
661
1181
677
685
693
701
197
717
725
1245
741
749
757
765
261
781
789
1309
805
813
821
829
325
845
853
1373
869
877
885
893
389
909
917
1437
933
941
949
957
453
973
981
1501
997
1005
1013
1021
5
525
533
1053
549
557
565
573
69
589
597
1117
613
621
629
637
133
653
661
1181
677
685
693
701
197
717
725
1245
741
749
757
765
261
781
789
1309
805
813
821
829
325
845
853
1373
869
877
885
893
389
909
917
1437
933
941
949
957
453
973
981
1501
997
1005
1013
1021
5
525
533
1053
549
557
565
573
69
589
597
1117
613
621
629
637
133
653
661
1181
677
685
693
701
197
717
725
1245
741
749
757
765
261
781
789
1309
805
813
821
829
325
845
853
1373
869
877
885
893
389
909
917
1437
933
941
949
957
453
973
981
1501
997
1005
1013
1021
5
525
533
1053
549
557
565
573
69
589
597
1117
613
621
629
637
133
653
661
1181
677
685
693
701
197
717
725
1245
741
749
757
765
261
781
789
1309
805
813
821
829
325
845
853
1373
869
877
885
893
389
909
917
1437
933
941
949
957
453
973
981
1501
997
1005
1013
1021
5
525
533
1053
549
557
565
573
69
589
597
1117
613
621
629
637
133
653
661
1181
677
685
693
701
197
717
725
1245
741
749
757
765
261
781
789
1309
805
813
821
829
325
845
853
1373
869
877
885
893
389
909
917
1437
933
941
949
957
453
973
981
1501
997
1005
1013
1021
5
525
533
1053
549
557
565
573
69
589
597
1117
613
621
629
637
133
653
661
1181
677
685
693
701
197
717
725
1245
741
749
757
765
261
781
789
1309
805
813
821
829
325
845
853
1373
869
877
885
893
389
909
917
1437
933
941
949
957
453
973
981
1501
997
1005
1013
1021
5
525
533
1053
549
557
565
573
69
589
597
1117
613
621
629
637
133
653
661
1181
677
685
693
701
197
717
725
1245
741
749
757
765
261
781
789
1309
805
813
821
829
325
845
853
1373
869
877
885
893
389
909
917
1437
933
941
949
957
453
973
981
1501
997
1005
1013
1021
5
525
533
1053
549
557
565
573
69
589
597
1117
613
621
629
637
133
653
661
1181
677
685
693
701
197
717
725
1245
741
749
757
765
261
781
789
1309
805
813
821
829
325
845
853
1373
869
877
885
893
389
909
917
1437
933
941
949
957
453
973
981
1501
997
1005
1013
1021
517
1037
1045
1565
1061
1069
1077
1085
581
1101
1109
1629
1125
1133
1141
1149
645
1165
1173
1693
1189
1197
1205
1213
709
1229
1237
1757
1253
1261
1269
1277
773
1293
1301
1821
1317
1325
1333
1341
837
1357
1365
1885
1381
1389
1397
1405
901
1421
1429
1949
1445
1453
1461
1469
965
1485
1493
2013
1509
1517
1525
1533
517
1037
1045
1565
1061
1069
1077
1085
581
1101
1109
1629
1125
1133
1141
1149
645
1165
1173
1693
1189
1197
1205
1213
709
1229
1237
1757
1253
1261
1269
1277
773
1293
1301
1821
1317
1325
1333
1341
837
1357
1365
1885
1381
1389
1397
1405
901
1421
1429
1949
1445
1453
1461
1469
965
1485
1493
2013
1509
1517
1525
1533
517
1037
1045
1565
1061
1069
1077
1085
581
1101
1109
1629
1125
1133
1141
1149
645
1165
1173
1693
1189
1197
1205
1213
709
1229
1237
1757
1253
1261
1269
1277
773
1293
1301
1821
1317
1325
1333
1341
837
1357
1365
1885
1381
1389
1397
1405
901
1421
1429
1949
1445
1453
1461
1469
965
1485
1493
2013
1509
1517
1525
1533
517
1037
1045
1565
1061
1069
1077
1085
581
1101
1109
1629
1125
1133
1141
1149
645
1165
1173
1693
1189
1197
1205
1213
709
1229
1237
1757
1253
1261
1269
1277
773
1293
1301
1821
1317
1325
1333
1341
837
1357
1365
1885
1381
1389
1397
1405
901
1421
1429
1949
1445
1453
1461
1469
965
1485
1493
2013
1509
1517
1525
1533
517
1037
1045
1565
1061
1069
1077
1085
581
1101
1109
1629
1125
1133
1141
1149
645
1165
1173
1693
1189
1197
1205
1213
709
1229
1237
1757
1253
1261
1269
1277
773
1293
1301
1821
1317
1325
1333
1341
837
1357
1365
1885
1381
1389
1397
1405
901
1421
1429
1949
1445
1453
1461
1469
965
1485
1493
2013
1509
1517
1525
1533
517
1037
1045
1565
1061
1069
1077
1085
581
1101
1109
1629
1125
1133
1141
1149
645
1165
1173
1693
1189
1197
1205
1213
709
1229
1237
1757
1253
1261
1269
1277
773
1293
1301
1821
1317
1325
1333
1341
837
1357
1365
1885
1381
1389
1397
1405
901
1421
1429
1949
1445
1453
1461
1469
965
1485
1493
2013
1509
1517
1525
1533
517
1037
1045
1565
1061
1069
1077
1085
581
1101
1109
1629
1125
1133
1141
1149
645
1165
1173
1693
1189
1197
1205
1213
709
1229
1237
1757
1253
1261
1269
1277
773
1293
1301
1821
1317
1325
1333
1341
837
1357
1365
1885
1381
1389
1397
1405
901
1421
1429
1949
1445
1453
1461
1469
965
1485
1493
2013
1509
1517
1525
1533
517
1037
1045
1565
1061
1069
1077
1085
581
1101
1109
1629
1125
1133
1141
1149
645
1165
1173
1693
1189
1197
1205
1213
709
1229
1237
1757
1253
1261
1269
1277
773
1293
1301
1821
1317
1325
1333
1341
837
1357
1365
1885
1381
1389
1397
1405
901
1421
1429
1949
1445
1453
1461
1469
965
1485
1493
2013
1509
1517
1525
1533
1029
1549
1557
2077
1573
1581
1589
1597
1093
1613
1621
2141
1637
1645
1653
1661
1157
1677
1685
2205
1701
1709
1717
1725
1221
1741
1749
2269
1765
1773
1781
1789
1285
1805
1813
2333
1829
1837
1845
1853
1349
1869
1877
2397
1893
1901
1909
1917
1413
1933
1941
2461
1957
1965
1973
1981
1477
1997
2005
2525
2021
2029
2037
2045
1029
1549
1557
2077
1573
1581
1589
1597
1093
1613
1621
2141
1637
1645
1653
1661
1157
1677
1685
2205
1701
1709
1717
1725
1221
1741
1749
2269
1765
1773
1781
1789
1285
1805
1813
2333
1829
1837
1845
1853
1349
1869
1877
2397
1893
1901
1909
1917
1413
1933
1941
2461
1957
1965
1973
1981
1477
1997
2005
2525
2021
2029
2037
2045
1029
1549
1557
2077
1573
1581
1589
1597
1093
1613
1621
2141
1637
1645
1653
1661
1157
1677
1685
2205
1701
1709
1717
1725
1221
1741
1749
2269
1765
1773
1781
1789
1285
1805
1813
2333
1829
1837
1845
1853
1349
1869
1877
2397
1893
1901
1909
1917
1413
1933
1941
2461
1957
1965
1973
1981
1477
1997
2005
2525
2021
2029
2037
2045
1029
1549
1557
2077
1573
1581
1589
1597
1093
1613
1621
2141
1637
1645
1653
1661
1157
1677
1685
2205
1701
1709
1717
1725
1221
1741
1749
2269
1765
1773
1781
1789
1285
1805
1813
2333
1829
1837
1845
1853
1349
1869
1877
2397
1893
1901
1909
1917
1413
1933
1941
2461
1957
1965
1973
1981
1477
1997
2005
2525
2021
2029
2037
2045
1029
1549
1557
2077
1573
1581
1589
1597
1093
1613
1621
2141
1637
1645
1653
1661
1157
1677
1685
2205
1701
1709
1717
1725
1221
1741
1749
2269
1765
1773
1781
1789
1285
1805
1813
2333
1829
1837
1845
1853
1349
1869
1877
2397
1893
1901
1909
1917
1413
1933
1941
2461
1957
1965
1973
1981
1477
1997
2005
2525
2021
2029
2037
2045
1029
1549
1557
2077
1573
1581
1589
1597
1093
1613
1621
2141
1637
1645
1653
1661
1157
1677
1685
2205
1701
1709
1717
1725
1221
1741
1749
2269
1765
1773
1781
1789
1285
1805
1813
2333
1829
1837
1845
1853
1349
1869
1877
2397
1893
1901
1909
1917
1413
1933
1941
2461
1957
1965
1973
1981
1477
1997
2005
2525
2021
2029
2037
2045
1029
1549
1557
2077
1573
1581
1589
1597
1093
1613
1621
2141
1637
1645
1653
1661
1157
1677
1685
2205
1701
1709
1717
1725
1221
1741
1749
2269
1765
1773
1781
1789
1285
1805
1813
2333
1829
1837
1845
1853
1349
1869
1877
2397
1893
1901
1909
1917
1413
1933
1941
2461
1957
1965
1973
1981
1477
1997
2005
2525
2021
2029
2037
2045
1029
1549
1557
2077
1573
1581
1589
1597
1093
1613
1621
2141
1637
1645
1653
1661
1157
1677
1685
2205
1701
1709
1717
1725
1221
1741
1749
2269
1765
1773
1781
1789
1285
1805
1813
2333
1829
1837
1845
1853
1349
1869
1877
2397
1893
1901
1909
1917
1413
1933
1941
2461
1957
1965
1973
1981
1477
1997
2005
2525
2021
2029
2037
2045
1541
2061
2069
2589
2085
2093
2101
2109
1605
2125
2133
2653
2149
2157
2165
2173
1669
2189
2197
2717
2213
2221
2229
2237
1733
2253
2261
2781
2277
2285
2293
2301
1797
2317
2325
2845
2341
2349
2357
2365
1861
2381
2389
2909
2405
2413
2421
2429
1925
2445
2453
2973
2469
2477
2485
2493
1989
2509
2517
3037
2533
2541
2549
2557
1541
2061
2069
2589
2085
2093
2101
2109
1605
2125
2133
2653
2149
2157
2165
2173
1669
2189
2197
2717
2213
2221
2229
2237
1733
2253
2261
2781
2277
2285
2293
2301
1797
2317
2325
2845
2341
2349
2357
2365
1861
2381
2389
2909
2405
2413
2421
2429
1925
2445
2453
2973
2469
2477
2485
2493
1989
2509
2517
3037
2533
2541
2549
2557
1541
2061
2069
2589
2085
2093
2101
2109
1605
2125
2133
2653
2149
2157
2165
2173
1669
2189
2197
2717
2213
2221
2229
2237
1733
2253
2261
2781
2277
2285
2293
2301
1797
2317
2325
2845
2341
2349
2357
2365
1861
2381
2389
2909
2405
2413
2421
2429
1925
2445
2453
2973
2469
2477
2485
2493
1989
2509
2517
3037
2533
2541
2549
2557
1541
2061
2069
2589
2085
2093
2101
2109
1605
2125
2133
2653
2149
2157
2165
2173
1669
2189
2197
2717
2213
2221
2229
2237
1733
2253
2261
2781
2277
2285
2293
2301
1797
2317
2325
2845
2341
2349
2357
2365
1861
2381
2389
2909
2405
2413
2421
2429
1925
2445
2453
2973
2469
2477
2485
2493
1989
2509
2517
3037
2533
2541
2549
2557
1541
2061
2069
2589
2085
2093
2101
2109
1605
2125
2133
2653
2149
2157
2165
2173
1669
2189
2197
2717
2213
2221
2229
2237
1733
2253
2261
2781
2277
2285
2293
2301
1797
2317
2325
2845
2341
2349
2357
2365
1861
2381
2389
2909
2405
2413
2421
2429
1925
2445
2453
2973
2469
2477
2485
2493
1989
2509
2517
3037
2533
2541
2549
2557
1541
2061
2069
2589
2085
2093
2101
2109
1605
2125
2133
2653
2149
2157
2165
2173
1669
2189
2197
2717
2213
2221
2229
2237
1733
2253
2261
2781
2277
2285
2293
2301
1797
2317
2325
2845
2341
2349
2357
2365
1861
2381
2389
2909
2405
2413
2421
2429
1925
2445
2453
2973
2469
2477
2485
2493
1989
2509
2517
3037
2533
2541
2549
2557
1541
2061
2069
2589
2085
2093
2101
2109
1605
2125
2133
2653
2149
2157
2165
2173
1669
2189
2197
2717
2213
2221
2229
2237
1733
2253
2261
2781
2277
2285
2293
2301
1797
2317
2325
2845
2341
2349
2357
2365
1861
2381
2389
2909
2405
2413
2421
2429
1925
2445
2453
2973
2469
2477
2485
2493
1989
2509
2517
3037
2533
2541
2549
2557
1541
2061
2069
2589
2085
2093
2101
2109
1605
2125
2133
2653
2149
2157
2165
2173
1669
2189
2197
2717
2213
2221
2229
2237
1733
2253
2261
2781
2277
2285
2293
2301
1797
2317
2325
2845
2341
2349
2357
2365
1861
2381
2389
2909
2405
2413
2421
2429
1925
2445
2453
2973
2469
2477
2485
2493
1989
2509
2517
3037
2533
2541
2549
2557
2053
2573
2581
3101
2597
2605
2613
2621
2117
2637
2645
3165
2661
2669
2677
2685
2181
2701
2709
3229
2725
2733
2741
2749
2245
2765
2773
3293
2789
2797
2805
2813
2309
2829
2837
3357
2853
2861
2869
2877
2373
2893
2901
3421
2917
2925
2933
2941
2437
2957
2965
3485
2981
2989
2997
3005
2501
3021
3029
3549
3045
3053
3061
3069
2053
2573
2581
3101
2597
2605
2613
2621
2117
2637
2645
3165
2661
2669
2677
2685
2181
2701
2709
3229
2725
2733
2741
2749
2245
2765
2773
3293
2789
2797
2805
2813
2309
2829
2837
3357
2853
2861
2869
2877
2373
2893
2901
3421
2917
2925
2933
2941
2437
2957
2965
3485
2981
2989
2997
3005
2501
3021
3029
3549
3045
3053
3061
3069
2053
2573
2581
3101
2597
2605
2613
2621
2117
2637
2645
3165
2661
2669
2677
2685
2181
2701
2709
3229
2725
2733
2741
2749
2245
2765
2773
3293
2789
2797
2805
2813
2309
2829
2837
3357
2853
2861
2869
2877
2373
2893
2901
3421
2917
2925
2933
2941
2437
2957
2965
3485
2981
2989
2997
3005
2501
3021
3029
3549
3045
3053
3061
3069
2053
2573
2581
3101
2597
2605
2613
2621
2117
2637
2645
3165
2661
2669
2677
2685
2181
2701
2709
3229
2725
2733
2741
2749
2245
2765
2773
3293
2789
2797
2805
2813
2309
2829
2837
3357
2853
2861
2869
2877
2373
2893
2901
3421
2917
2925
2933
2941
2437
2957
2965
3485
2981
2989
2997
3005
2501
3021
3029
3549
3045
3053
3061
3069
2053
2573
2581
3101
2597
2605
2613
2621
2117
2637
2645
3165
2661
2669
2677
2685
2181
2701
2709
3229
2725
2733
2741
2749
2245
2765
2773
3293
2789
2797
2805
2813
2309
2829
2837
3357
2853
2861
2869
2877
2373
2893
2901
3421
2917
2925
2933
2941
2437
2957
2965
3485
2981
2989
2997
3005
2501
3021
3029
3549
3045
3053
3061
3069
2053
2573
2581
3101
2597
2605
2613
2621
2117
2637
2645
3165
2661
2669
2677
2685
2181
2701
2709
3229
2725
2733
2741
2749
2245
2765
2773
3293
2789
2797
2805
2813
2309
2829
2837
3357
2853
2861
2869
2877
2373
2893
2901
3421
2917
2925
2933
2941
2437
2957
2965
3485
2981
2989
2997
3005
2501
3021
3029
3549
3045
3053
3061
3069
2053
2573
2581
3101
2597
2605
2613
2621
2117
2637
2645
3165
2661
2669
2677
2685
2181
2701
2709
3229
2725
2733
2741
2749
2245
2765
2773
3293
2789
2797
2805
2813
2309
2829
2837
3357
2853
2861
2869
2877
2373
2893
2901
3421
2917
2925
2933
2941
2437
2957
2965
3485
2981
2989
2997
3005
2501
3021
3029
3549
3045
3053
3061
3069
2053
2573
2581
3101
2597
2605
2613
2621
2117
2637
2645
3165
2661
2669
2677
2685
2181
2701
2709
3229
2725
2733
2741
2749
2245
2765
2773
3293
2789
2797
2805
2813
2309
2829
2837
3357
2853
2861
2869
2877
2373
2893
2901
3421
2917
2925
2933
2941
2437
2957
2965
3485
2981
2989
2997
3005
2501
3021
3029
3549
3045
3053
3061
3069
2565
3085
3093
3613
3109
3117
3125
3133
2629
3149
3157
3677
3173
3181
3189
3197
2693
3213
3221
3741
3237
3245
3253
3261
2757
3277
3285
3805
3301
3309
3317
3325
2821
3341
3349
3869
3365
3373
3381
3389
2885
3405
3413
3933
3429
3437
3445
3453
2949
3469
3477
3997
3493
3501
3509
3517
3013
3533
3541
4061
3557
3565
3573
3581
2565
3085
3093
3613
3109
3117
3125
3133
2629
3149
3157
3677
3173
3181
3189
3197
2693
3213
3221
3741
3237
3245
3253
3261
2757
3277
3285
3805
3301
3309
3317
3325
2821
3341
3349
3869
3365
3373
3381
3389
2885
3405
3413
3933
3429
3437
3445
3453
2949
3469
3477
3997
3493
3501
3509
3517
3013
3533
3541
4061
3557
3565
3573
3581
2565
3085
3093
3613
3109
3117
3125
3133
2629
3149
3157
3677
3173
3181
3189
3197
2693
3213
3221
3741
3237
3245
3253
3261
2757
3277
3285
3805
3301
3309
3317
3325
2821
3341
3349
3869
3365
3373
3381
3389
2885
3405
3413
3933
3429
3437
3445
3453
2949
3469
3477
3997
3493
3501
3509
3517
3013
3533
3541
4061
3557
3565
3573
3581
2565
3085
3093
3613
3109
3117
3125
3133
2629
3149
3157
3677
3173
3181
3189
3197
2693
3213
3221
3741
3237
3245
3253
3261
2757
3277
3285
3805
3301
3309
3317
3325
2821
3341
3349
3869
3365
3373
3381
3389
2885
3405
3413
3933
3429
3437
3445
3453
2949
3469
3477
3997
3493
3501
3509
3517
3013
3533
3541
4061
3557
3565
3573
3581
2565
3085
3093
3613
3109
3117
3125
3133
2629
3149
3157
3677
3173
3181
3189
3197
2693
3213
3221
3741
3237
3245
3253
3261
2757
3277
3285
3805
3301
3309
3317
3325
2821
3341
3349
3869
3365
3373
3381
3389
2885
3405
3413
3933
3429
3437
3445
3453
2949
3469
3477
3997
3493
3501
3509
3517
3013
3533
3541
4061
3557
3565
3573
3581
2565
3085
3093
3613
3109
3117
3125
3133
2629
3149
3157
3677
3173
3181
3189
3197
2693
3213
3221
3741
3237
3245
3253
3261
2757
3277
3285
3805
3301
3309
3317
3325
2821
3341
3349
3869
3365
3373
3381
3389
2885
3405
3413
3933
3429
3437
3445
3453
2949
3469
3477
3997
3493
3501
3509
3517
3013
3533
3541
4061
3557
3565
3573
3581
2565
3085
3093
3613
3109
3117
3125
3133
2629
3149
3157
3677
3173
3181
3189
3197
2693
3213
3221
3741
3237
3245
3253
3261
2757
3277
3285
3805
3301
3309
3317
3325
2821
3341
3349
3869
3365
3373
3381
3389
2885
3405
3413
3933
3429
3437
3445
3453
2949
3469
3477
3997
3493
3501
3509
3517
3013
3533
3541
4061
3557
3565
3573
3581
2565
3085
3093
3613
3109
3117
3125
3133
2629
3149
3157
3677
3173
3181
3189
3197
2693
3213
3221
3741
3237
3245
3253
3261
2757
3277
3285
3805
3301
3309
3317
3325
2821
3341
3349
3869
3365
3373
3381
3389
2885
3405
3413
3933
3429
3437
3445
3453
2949
3469
3477
3997
3493
3501
3509
3517
3013
3533
3541
4061
3557
3565
3573
3581
3077
3597
3605
2
3621
3629
3637
3645
3141
3661
3669
2
3685
3693
3701
3709
3205
3725
3733
2
3749
3757
3765
3773
3269
3789
3797
2
3813
3821
3829
3837
3333
3853
3861
2
3877
3885
3893
3901
3397
3917
3925
2
3941
3949
3957
3965
3461
3981
3989
2
4005
4013
4021
4029
3525
4045
4053
2
4069
4077
4085
4093
3077
3597
3605
2
3621
3629
3637
3645
3141
3661
3669
2
3685
3693
3701
3709
3205
3725
3733
2
3749
3757
3765
3773
3269
3789
3797
2
3813
3821
3829
3837
3333
3853
3861
2
3877
3885
3893
3901
3397
3917
3925
2
3941
3949
3957
3965
3461
3981
3989
2
4005
4013
4021
4029
3525
4045
4053
2
4069
4077
4085
4093
3077
3597
3605
2
3621
3629
3637
3645
3141
3661
3669
2
3685
3693
3701
3709
3205
3725
3733
2
3749
3757
3765
3773
3269
3789
3797
2
3813
3821
3829
3837
3333
3853
3861
2
3877
3885
3893
3901
3397
3917
3925
2
3941
3949
3957
3965
3461
3981
3989
2
4005
4013
4021
4029
3525
4045
4053
2
4069
4077
4085
4093
3077
3597
3605
2
3621
3629
3637
3645
3141
3661
3669
2
3685
3693
3701
3709
3205
3725
3733
2
3749
3757
3765
3773
3269
3789
3797
2
3813
3821
3829
3837
3333
3853
3861
2
3877
3885
3893
3901
3397
3917
3925
2
3941
3949
3957
3965
3461
3981
3989
2
4005
4013
4021
4029
3525
4045
4053
2
4069
4077
4085
4093
3077
3597
3605
2
3621
3629
3637
3645
3141
3661
3669
2
3685
3693
3701
3709
3205
3725
3733
2
3749
3757
3765
3773
3269
3789
3797
2
3813
3821
3829
3837
3333
3853
3861
2
3877
3885
3893
3901
3397
3917
3925
2
3941
3949
3957
3965
3461
3981
3989
2
4005
4013
4021
4029
3525
4045
4053
2
4069
4077
4085
4093
3077
3597
3605
2
3621
3629
3637
3645
3141
3661
3669
2
3685
3693
3701
3709
3205
3725
3733
2
3749
3757
3765
3773
3269
3789
3797
2
3813
3821
3829
3837
3333
3853
3861
2
3877
3885
3893
3901
3397
3917
3925
2
3941
3949
3957
3965
3461
3981
3989
2
4005
4013
4021
4029
3525
4045
4053
2
4069
4077
4085
4093
3077
3597
3605
2
3621
3629
3637
3645
3141
3661
3669
2
3685
3693
3701
3709
3205
3725
3733
2
3749
3757
3765
3773
3269
3789
3797
2
3813
3821
3829
3837
3333
3853
3861
2
3877
3885
3893
3901
3397
3917
3925
2
3941
3949
3957
3965
3461
3981
3989
2
4005
4013
4021
4029
3525
4045
4053
2
4069
4077
4085
4093
3077
3597
3605
2
3621
3629
3637
3645
3141
3661
3669
2
3685
3693
3701
3709
3205
3725
3733
2
3749
3757
3765
3773
3269
3789
3797
2
3813
3821
3829
3837
3333
3853
3861
2
3877
3885
3893
3901
3397
3917
3925
2
3941
3949
3957
3965
3461
3981
3989
2
4005
4013
4021
4029
3525
4045
4053
2
4069
4077
4085
4093
4109
4181
4189
4261
4205
4213
4221
4229
1029
1549
1557
2077
1573
1581
1589
1597
1093
1613
1621
2141
1637
1645
1653
1661
1157
1677
1685
2205
1701
1709
1717
1725
1221
1741
1749
2269
1765
1773
1781
1789
1285
1805
1813
2333
1829
1837
1845
1853
1349
1869
1877
2397
1893
1901
1909
1917
1413
1933
1941
2461
1957
1965
1973
1981
1477
1997
2005
2525
2021
2029
2037
2045
1541
2061
2069
2589
2085
2093
2101
2109
1605
2125
2133
2653
2149
2157
2165
2173
1669
2189
2197
2717
2213
2221
2229
2237
1733
2253
2261
2781
2277
2285
2293
2301
1797
2317
2325
2845
2341
2349
2357
2365
1861
2381
2389
2909
2405
2413
2421
2429
1925
2445
2453
2973
2469
2477
2485
2493
1989
2509
2517
3037
2533
2541
2549
2557
2053
2573
2581
3101
2597
2605
2613
2621
2117
2637
2645
3165
2661
2669
2677
2685
2181
2701
2709
3229
2725
2733
2741
2749
2245
2765
2773
3293
2789
2797
2805
2813
2309
2829
2837
3357
2853
2861
2869
2877
2373
2893
2901
3421
2917
2925
2933
2941
2437
2957
2965
3485
2981
2989
2997
3005
2501
3021
3029
3549
3045
3053
3061
3069
