4102
2
2
14
22
542
38
46
54
62
2
78
86
606
102
110
118
126
2
142
150
670
166
174
182
190
2
206
214
734
230
238
246
254
2
270
278
798
294
302
310
318
2
334
342
862
358
366
374
382
2
398
406
926
422
430
438
446
2
462
470
990
486
494
502
510
2
14
22
542
38
46
54
62
2
78
86
606
102
110
118
126
2
142
150
670
166
174
182
190
2
206
214
734
230
238
246
254
2
270
278
798
294
302
310
318
2
334
342
862
358
366
374
382
2
398
406
926
422
430
438
446
2
462
470
990
486
494
502
510
2
14
22
542
38
46
54
62
2
78
86
606
102
110
118
126
2
142
150
670
166
174
182
190
2
206
214
734
230
238
246
254
2
270
278
798
294
302
310
318
2
334
342
862
358
366
374
382
2
398
406
926
422
430
438
446
2
462
470
990
486
494
502
510
2
14
22
542
38
46
54
62
2
78
86
606
102
110
118
126
2
142
150
670
166
174
182
190
2
206
214
734
230
238
246
254
2
270
278
798
294
302
310
318
2
334
342
862
358
366
374
382
2
398
406
926
422
430
438
446
2
462
470
990
486
494
502
510
2
14
22
542
38
46
54
62
2
78
86
606
102
110
118
126
2
142
150
670
166
174
182
190
2
206
214
734
230
238
246
254
2
270
278
798
294
302
310
318
2
334
342
862
358
366
374
382
2
398
406
926
422
430
438
446
2
462
470
990
486
494
502
510
2
14
22
542
38
46
54
62
2
78
86
606
102
110
118
126
2
142
150
670
166
174
182
190
2
206
214
734
230
238
246
254
2
270
278
798
294
302
310
318
2
334
342
862
358
366
374
382
2
398
406
926
422
430
438
446
2
462
470
990
486
494
502
510
2
14
22
542
38
46
54
62
2
78
86
606
102
110
118
126
2
142
150
670
166
174
182
190
2
206
214
734
230
238
246
254
2
270
278
798
294
302
310
318
2
334
342
862
358
366
374
382
2
398
406
926
422
430
438
446
2
462
470
990
486
494
502
510
2
14
22
542
38
46
54
62
2
78
86
606
102
110
118
126
2
142
150
670
166
174
182
190
2
206
214
734
230
238
246
254
2
270
278
798
294
302
310
318
2
334
342
862
358
366
374
382
2
398
406
926
422
430
438
446
2
462
470
990
486
494
502
510
6
526
534
1054
550
558
566
574
70
590
598
1118
614
622
630
638
134
654
662
1182
678
686
694
702
198
718
726
1246
742
750
758
766
262
782
790
1310
806
814
822
830
326
846
854
1374
870
878
886
894
390
910
918
1438
934
942
950
958
454
974
982
1502
998
1006
1014
1022
6
526
534
1054
550
558
566
574
70
590
598
1118
614
622
630
638
134
654
662
1182
678
686
694
702
198
718
726
1246
742
750
758
766
262
782
790
1310
806
814
822
830
326
846
854
1374
870
878
886
894
390
910
918
1438
934
942
950
958
454
974
982
1502
998
1006
1014
1022
6
526
534
1054
550
558
566
574
70
590
598
1118
614
622
630
638
134
654
662
1182
678
686
694
702
198
718
726
1246
742
750
758
766
262
782
790
1310
806
814
822
830
326
846
854
1374
870
878
886
894
390
910
918
1438
934
942
950
958
454
974
982
1502
998
1006
1014
1022
6
526
534
1054
550
558
566
574
70
590
598
1118
614
622
630
638
134
654
662
1182
678
686
694
702
198
718
726
1246
742
750
758
766
262
782
790
1310
806
814
822
830
326
846
854
1374
870
878
886
894
390
910
918
1438
934
942
950
958
454
974
982
1502
998
1006
1014
1022
6
526
534
1054
550
558
566
574
70
590
598
1118
614
622
630
638
134
654
662
1182
678
686
694
702
198
718
726
1246
742
750
758
766
262
782
790
1310
806
814
822
830
326
846
854
1374
870
878
886
894
390
910
918
1438
934
942
950
958
454
974
982
1502
998
1006
1014
1022
6
526
534
1054
550
558
566
574
70
590
598
1118
614
622
630
638
134
654
662
1182
678
686
694
702
198
718
726
1246
742
750
758
766
262
782
790
1310
806
814
822
830
326
846
854
1374
870
878
886
894
390
910
918
1438
934
942
950
958
454
974
982
1502
998
1006
1014
1022
6
526
534
1054
550
558
566
574
70
590
598
1118
614
622
630
638
134
654
662
1182
678
686
694
702
198
718
726
1246
742
750
758
766
262
782
790
1310
806
814
822
830
326
846
854
1374
870
878
886
894
390
910
918
1438
934
942
950
958
454
974
982
1502
998
1006
1014
1022
6
526
534
1054
550
558
566
574
70
590
598
1118
614
622
630
638
134
654
662
1182
678
686
694
702
198
718
726
1246
742
750
758
766
262
782
790
1310
806
814
822
830
326
846
854
1374
870
878
886
894
390
910
918
1438
934
942
950
958
454
974
982
1502
998
1006
1014
1022
518
1038
1046
1566
1062
1070
1078
1086
582
1102
1110
1630
1126
1134
1142
1150
646
1166
1174
1694
1190
1198
1206
1214
710
1230
1238
1758
1254
1262
1270
1278
774
1294
1302
1822
1318
1326
1334
1342
838
1358
1366
1886
1382
1390
1398
1406
902
1422
1430
1950
1446
1454
1462
1470
966
1486
1494
2014
1510
1518
1526
1534
518
1038
1046
1566
1062
1070
1078
1086
582
1102
1110
1630
1126
1134
1142
1150
646
1166
1174
1694
1190
1198
1206
1214
710
1230
1238
1758
1254
1262
1270
1278
774
1294
1302
1822
1318
1326
1334
1342
838
1358
1366
1886
1382
1390
1398
1406
902
1422
1430
1950
1446
1454
1462
1470
966
1486
1494
2014
1510
1518
1526
1534
518
1038
1046
1566
1062
1070
1078
1086
582
1102
1110
1630
1126
1134
1142
1150
646
1166
1174
1694
1190
1198
1206
1214
710
1230
1238
1758
1254
1262
1270
1278
774
1294
1302
1822
1318
1326
1334
1342
838
1358
1366
1886
1382
1390
1398
1406
902
1422
1430
1950
1446
1454
1462
1470
966
1486
1494
2014
1510
1518
1526
1534
518
1038
1046
1566
1062
1070
1078
1086
582
1102
1110
1630
1126
1134
1142
1150
646
1166
1174
1694
1190
1198
1206
1214
710
1230
1238
1758
1254
1262
1270
1278
774
1294
1302
1822
1318
1326
1334
1342
838
1358
1366
1886
1382
1390
1398
1406
902
1422
1430
1950
1446
1454
1462
1470
966
1486
1494
2014
1510
1518
1526
1534
518
1038
1046
1566
1062
1070
1078
1086
582
1102
1110
1630
1126
1134
1142
1150
646
1166
1174
1694
1190
1198
1206
1214
710
1230
1238
1758
1254
1262
1270
1278
774
1294
1302
1822
1318
1326
1334
1342
838
1358
1366
1886
1382
1390
1398
1406
902
1422
1430
1950
1446
1454
1462
1470
966
1486
1494
2014
1510
1518
1526
1534
518
1038
1046
1566
1062
1070
1078
1086
582
1102
1110
1630
1126
1134
1142
1150
646
1166
1174
1694
1190
1198
1206
1214
710
1230
1238
1758
1254
1262
1270
1278
774
1294
1302
1822
1318
1326
1334
1342
838
1358
1366
1886
1382
1390
1398
1406
902
1422
1430
1950
1446
1454
1462
1470
966
1486
1494
2014
1510
1518
1526
1534
518
1038
1046
1566
1062
1070
1078
1086
582
1102
1110
1630
1126
1134
1142
1150
646
1166
1174
1694
1190
1198
1206
1214
710
1230
1238
1758
1254
1262
1270
1278
774
1294
1302
1822
1318
1326
1334
1342
838
1358
1366
1886
1382
1390
1398
1406
902
1422
1430
1950
1446
1454
1462
1470
966
1486
1494
2014
1510
1518
1526
1534
518
1038
1046
1566
1062
1070
1078
1086
582
1102
1110
1630
1126
1134
1142
1150
646
1166
1174
1694
1190
1198
1206
1214
710
1230
1238
1758
1254
1262
1270
1278
774
1294
1302
1822
1318
1326
1334
1342
838
1358
1366
1886
1382
1390
1398
1406
902
1422
1430
1950
1446
1454
1462
1470
966
1486
1494
2014
1510
1518
1526
1534
1030
1550
1558
2078
1574
1582
1590
1598
1094
1614
1622
2142
1638
1646
1654
1662
1158
1678
1686
2206
1702
1710
1718
1726
1222
1742
1750
2270
1766
1774
1782
1790
1286
1806
1814
2334
1830
1838
1846
1854
1350
1870
1878
2398
1894
1902
1910
1918
1414
1934
1942
2462
1958
1966
1974
1982
1478
1998
2006
2526
2022
2030
2038
2046
1030
1550
1558
2078
1574
1582
1590
1598
1094
1614
1622
2142
1638
1646
1654
1662
1158
1678
1686
2206
1702
1710
1718
1726
1222
1742
1750
2270
1766
1774
1782
1790
1286
1806
1814
2334
1830
1838
1846
1854
1350
1870
1878
2398
1894
1902
1910
1918
1414
1934
1942
2462
1958
1966
1974
1982
1478
1998
2006
2526
2022
2030
2038
2046
1030
1550
1558
2078
1574
1582
1590
1598
1094
1614
1622
2142
1638
1646
1654
1662
1158
1678
1686
2206
1702
1710
1718
1726
1222
1742
1750
2270
1766
1774
1782
1790
1286
1806
1814
2334
1830
1838
1846
1854
1350
1870
1878
2398
1894
1902
1910
1918
1414
1934
1942
2462
1958
1966
1974
1982
1478
1998
2006
2526
2022
2030
2038
2046
1030
1550
1558
2078
1574
1582
1590
1598
1094
1614
1622
2142
1638
1646
1654
1662
1158
1678
1686
2206
1702
1710
1718
1726
1222
1742
1750
2270
1766
1774
1782
1790
1286
1806
1814
2334
1830
1838
1846
1854
1350
1870
1878
2398
1894
1902
1910
1918
1414
1934
1942
2462
1958
1966
1974
1982
1478
1998
2006
2526
2022
2030
2038
2046
1030
1550
1558
2078
1574
1582
1590
1598
1094
1614
1622
2142
1638
1646
1654
1662
1158
1678
1686
2206
1702
1710
1718
1726
1222
1742
1750
2270
1766
1774
1782
1790
1286
1806
1814
2334
1830
1838
1846
1854
1350
1870
1878
2398
1894
1902
1910
1918
1414
1934
1942
2462
1958
1966
1974
1982
1478
1998
2006
2526
2022
2030
2038
2046
1030
1550
1558
2078
1574
1582
1590
1598
1094
1614
1622
2142
1638
1646
1654
1662
1158
1678
1686
2206
1702
1710
1718
1726
1222
1742
1750
2270
1766
1774
1782
1790
1286
1806
1814
2334
1830
1838
1846
1854
1350
1870
1878
2398
1894
1902
1910
1918
1414
1934
1942
2462
1958
1966
1974
1982
1478
1998
2006
2526
2022
2030
2038
2046
1030
1550
1558
2078
1574
1582
1590
1598
1094
1614
1622
2142
1638
1646
1654
1662
1158
1678
1686
2206
1702
1710
1718
1726
1222
1742
1750
2270
1766
1774
1782
1790
1286
1806
1814
2334
1830
1838
1846
1854
1350
1870
1878
2398
1894
1902
1910
1918
1414
1934
1942
2462
1958
1966
1974
1982
1478
1998
2006
2526
2022
2030
2038
2046
1030
1550
1558
2078
1574
1582
1590
1598
1094
1614
1622
2142
1638
1646
1654
1662
1158
1678
1686
2206
1702
1710
1718
1726
1222
1742
1750
2270
1766
1774
1782
1790
1286
1806
1814
2334
1830
1838
1846
1854
1350
1870
1878
2398
1894
1902
1910
1918
1414
1934
1942
2462
1958
1966
1974
1982
1478
1998
2006
2526
2022
2030
2038
2046
1542
2062
2070
2590
2086
2094
2102
2110
1606
2126
2134
2654
2150
2158
2166
2174
1670
2190
2198
2718
2214
2222
2230
2238
1734
2254
2262
2782
2278
2286
2294
2302
1798
2318
2326
2846
2342
2350
2358
2366
1862
2382
2390
2910
2406
2414
2422
2430
1926
2446
2454
2974
2470
2478
2486
2494
1990
2510
2518
3038
2534
2542
2550
2558
1542
2062
2070
2590
2086
2094
2102
2110
1606
2126
2134
2654
2150
2158
2166
2174
1670
2190
2198
2718
2214
2222
2230
2238
1734
2254
2262
2782
2278
2286
2294
2302
1798
2318
2326
2846
2342
2350
2358
2366
1862
2382
2390
2910
2406
2414
2422
2430
1926
2446
2454
2974
2470
2478
2486
2494
1990
2510
2518
3038
2534
2542
2550
2558
1542
2062
2070
2590
2086
2094
2102
2110
1606
2126
2134
2654
2150
2158
2166
2174
1670
2190
2198
2718
2214
2222
2230
2238
1734
2254
2262
2782
2278
2286
2294
2302
1798
2318
2326
2846
2342
2350
2358
2366
1862
2382
2390
2910
2406
2414
2422
2430
1926
2446
2454
2974
2470
2478
2486
2494
1990
2510
2518
3038
2534
2542
2550
2558
1542
2062
2070
2590
2086
2094
2102
2110
1606
2126
2134
2654
2150
2158
2166
2174
1670
2190
2198
2718
2214
2222
2230
2238
1734
2254
2262
2782
2278
2286
2294
2302
1798
2318
2326
2846
2342
2350
2358
2366
1862
2382
2390
2910
2406
2414
2422
2430
1926
2446
2454
2974
2470
2478
2486
2494
1990
2510
2518
3038
2534
2542
2550
2558
1542
2062
2070
2590
2086
2094
2102
2110
1606
2126
2134
2654
2150
2158
2166
2174
1670
2190
2198
2718
2214
2222
2230
2238
1734
2254
2262
2782
2278
2286
2294
2302
1798
2318
2326
2846
2342
2350
2358
2366
1862
2382
2390
2910
2406
2414
2422
2430
1926
2446
2454
2974
2470
2478
2486
2494
1990
2510
2518
3038
2534
2542
2550
2558
1542
2062
2070
2590
2086
2094
2102
2110
1606
2126
2134
2654
2150
2158
2166
2174
1670
2190
2198
2718
2214
2222
2230
2238
1734
2254
2262
2782
2278
2286
2294
2302
1798
2318
2326
2846
2342
2350
2358
2366
1862
2382
2390
2910
2406
2414
2422
2430
1926
2446
2454
2974
2470
2478
2486
2494
1990
2510
2518
3038
2534
2542
2550
2558
1542
2062
2070
2590
2086
2094
2102
2110
1606
2126
2134
2654
2150
2158
2166
2174
1670
2190
2198
2718
2214
2222
2230
2238
1734
2254
2262
2782
2278
2286
2294
2302
1798
2318
2326
2846
2342
2350
2358
2366
1862
2382
2390
2910
2406
2414
2422
2430
1926
2446
2454
2974
2470
2478
2486
2494
1990
2510
2518
3038
2534
2542
2550
2558
1542
2062
2070
2590
2086
2094
2102
2110
1606
2126
2134
2654
2150
2158
2166
2174
1670
2190
2198
2718
2214
2222
2230
2238
1734
2254
2262
2782
2278
2286
2294
2302
1798
2318
2326
2846
2342
2350
2358
2366
1862
2382
2390
2910
2406
2414
2422
2430
1926
2446
2454
2974
2470
2478
2486
2494
1990
2510
2518
3038
2534
2542
2550
2558
2054
2574
2582
3102
2598
2606
2614
2622
2118
2638
2646
3166
2662
2670
2678
2686
2182
2702
2710
3230
2726
2734
2742
2750
2246
2766
2774
3294
2790
2798
2806
2814
2310
2830
2838
3358
2854
2862
2870
2878
2374
2894
2902
3422
2918
2926
2934
2942
2438
2958
2966
3486
2982
2990
2998
3006
2502
3022
3030
3550
3046
3054
3062
3070
2054
2574
2582
3102
2598
2606
2614
2622
2118
2638
2646
3166
2662
2670
2678
2686
2182
2702
2710
3230
2726
2734
2742
2750
2246
2766
2774
3294
2790
2798
2806
2814
2310
2830
2838
3358
2854
2862
2870
2878
2374
2894
2902
3422
2918
2926
2934
2942
2438
2958
2966
3486
2982
2990
2998
3006
2502
3022
3030
3550
3046
3054
3062
3070
2054
2574
2582
3102
2598
2606
2614
2622
2118
2638
2646
3166
2662
2670
2678
2686
2182
2702
2710
3230
2726
2734
2742
2750
2246
2766
2774
3294
2790
2798
2806
2814
2310
2830
2838
3358
2854
2862
2870
2878
2374
2894
2902
3422
2918
2926
2934
2942
2438
2958
2966
3486
2982
2990
2998
3006
2502
3022
3030
3550
3046
3054
3062
3070
2054
2574
2582
3102
2598
2606
2614
2622
2118
2638
2646
3166
2662
2670
2678
2686
2182
2702
2710
3230
2726
2734
2742
2750
2246
2766
2774
3294
2790
2798
2806
2814
2310
2830
2838
3358
2854
2862
2870
2878
2374
2894
2902
3422
2918
2926
2934
2942
2438
2958
2966
3486
2982
2990
2998
3006
2502
3022
3030
3550
3046
3054
3062
3070
2054
2574
2582
3102
2598
2606
2614
2622
2118
2638
2646
3166
2662
2670
2678
2686
2182
2702
2710
3230
2726
2734
2742
2750
2246
2766
2774
3294
2790
2798
2806
2814
2310
2830
2838
3358
2854
2862
2870
2878
2374
2894
2902
3422
2918
2926
2934
2942
2438
2958
2966
3486
2982
2990
2998
3006
2502
3022
3030
3550
3046
3054
3062
3070
2054
2574
2582
3102
2598
2606
2614
2622
2118
2638
2646
3166
2662
2670
2678
2686
2182
2702
2710
3230
2726
2734
2742
2750
2246
2766
2774
3294
2790
2798
2806
2814
2310
2830
2838
3358
2854
2862
2870
2878
2374
2894
2902
3422
2918
2926
2934
2942
2438
2958
2966
3486
2982
2990
2998
3006
2502
3022
3030
3550
3046
3054
3062
3070
2054
2574
2582
3102
2598
2606
2614
2622
2118
2638
2646
3166
2662
2670
2678
2686
2182
2702
2710
3230
2726
2734
2742
2750
2246
2766
2774
3294
2790
2798
2806
2814
2310
2830
2838
3358
2854
2862
2870
2878
2374
2894
2902
3422
2918
2926
2934
2942
2438
2958
2966
3486
2982
2990
2998
3006
2502
3022
3030
3550
3046
3054
3062
3070
2054
2574
2582
3102
2598
2606
2614
2622
2118
2638
2646
3166
2662
2670
2678
2686
2182
2702
2710
3230
2726
2734
2742
2750
2246
2766
2774
3294
2790
2798
2806
2814
2310
2830
2838
3358
2854
2862
2870
2878
2374
2894
2902
3422
2918
2926
2934
2942
2438
2958
2966
3486
2982
2990
2998
3006
2502
3022
3030
3550
3046
3054
3062
3070
2566
3086
3094
3614
3110
3118
3126
3134
2630
3150
3158
3678
3174
3182
3190
3198
2694
3214
3222
3742
3238
3246
3254
3262
2758
3278
3286
3806
3302
3310
3318
3326
2822
3342
3350
3870
3366
3374
3382
3390
2886
3406
3414
3934
3430
3438
3446
3454
2950
3470
3478
3998
3494
3502
3510
3518
3014
3534
3542
4062
3558
3566
3574
3582
2566
3086
3094
3614
3110
3118
3126
3134
2630
3150
3158
3678
3174
3182
3190
3198
2694
3214
3222
3742
3238
3246
3254
3262
2758
3278
3286
3806
3302
3310
3318
3326
2822
3342
3350
3870
3366
3374
3382
3390
2886
3406
3414
3934
3430
3438
3446
3454
2950
3470
3478
3998
3494
3502
3510
3518
3014
3534
3542
4062
3558
3566
3574
3582
2566
3086
3094
3614
3110
3118
3126
3134
2630
3150
3158
3678
3174
3182
3190
3198
2694
3214
3222
3742
3238
3246
3254
3262
2758
3278
3286
3806
3302
3310
3318
3326
2822
3342
3350
3870
3366
3374
3382
3390
2886
3406
3414
3934
3430
3438
3446
3454
2950
3470
3478
3998
3494
3502
3510
3518
3014
3534
3542
4062
3558
3566
3574
3582
2566
3086
3094
3614
3110
3118
3126
3134
2630
3150
3158
3678
3174
3182
3190
3198
2694
3214
3222
3742
3238
3246
3254
3262
2758
3278
3286
3806
3302
3310
3318
3326
2822
3342
3350
3870
3366
3374
3382
3390
2886
3406
3414
3934
3430
3438
3446
3454
2950
3470
3478
3998
3494
3502
3510
3518
3014
3534
3542
4062
3558
3566
3574
3582
2566
3086
3094
3614
3110
3118
3126
3134
2630
3150
3158
3678
3174
3182
3190
3198
2694
3214
3222
3742
3238
3246
3254
3262
2758
3278
3286
3806
3302
3310
3318
3326
2822
3342
3350
3870
3366
3374
3382
3390
2886
3406
3414
3934
3430
3438
3446
3454
2950
3470
3478
3998
3494
3502
3510
3518
3014
3534
3542
4062
3558
3566
3574
3582
2566
3086
3094
3614
3110
3118
3126
3134
2630
3150
3158
3678
3174
3182
3190
3198
2694
3214
3222
3742
3238
3246
3254
3262
2758
3278
3286
3806
3302
3310
3318
3326
2822
3342
3350
3870
3366
3374
3382
3390
2886
3406
3414
3934
3430
3438
3446
3454
2950
3470
3478
3998
3494
3502
3510
3518
3014
3534
3542
4062
3558
3566
3574
3582
2566
3086
3094
3614
3110
3118
3126
3134
2630
3150
3158
3678
3174
3182
3190
3198
2694
3214
3222
3742
3238
3246
3254
3262
2758
3278
3286
3806
3302
3310
3318
3326
2822
3342
3350
3870
3366
3374
3382
3390
2886
3406
3414
3934
3430
3438
3446
3454
2950
3470
3478
3998
3494
3502
3510
3518
3014
3534
3542
4062
3558
3566
3574
3582
2566
3086
3094
3614
3110
3118
3126
3134
2630
3150
3158
3678
3174
3182
3190
3198
2694
3214
3222
3742
3238
3246
3254
3262
2758
3278
3286
3806
3302
3310
3318
3326
2822
3342
3350
3870
3366
3374
3382
3390
2886
3406
3414
3934
3430
3438
3446
3454
2950
3470
3478
3998
3494
3502
3510
3518
3014
3534
3542
4062
3558
3566
3574
3582
3078
3598
3606
2
3622
3630
3638
3646
3142
3662
3670
2
3686
3694
3702
3710
3206
3726
3734
2
3750
3758
3766
3774
3270
3790
3798
2
3814
3822
3830
3838
3334
3854
3862
2
3878
3886
3894
3902
3398
3918
3926
2
3942
3950
3958
3966
3462
3982
3990
2
4006
4014
4022
4030
3526
4046
4054
2
4070
4078
4086
4094
3078
3598
3606
2
3622
3630
3638
3646
3142
3662
3670
2
3686
3694
3702
3710
3206
3726
3734
2
3750
3758
3766
3774
3270
3790
3798
2
3814
3822
3830
3838
3334
3854
3862
2
3878
3886
3894
3902
3398
3918
3926
2
3942
3950
3958
3966
3462
3982
3990
2
4006
4014
4022
4030
3526
4046
4054
2
4070
4078
4086
4094
3078
3598
3606
2
3622
3630
3638
3646
3142
3662
3670
2
3686
3694
3702
3710
3206
3726
3734
2
3750
3758
3766
3774
3270
3790
3798
2
3814
3822
3830
3838
3334
3854
3862
2
3878
3886
3894
3902
3398
3918
3926
2
3942
3950
3958
3966
3462
3982
3990
2
4006
4014
4022
4030
3526
4046
4054
2
4070
4078
4086
4094
3078
3598
3606
2
3622
3630
3638
3646
3142
3662
3670
2
3686
3694
3702
3710
3206
3726
3734
2
3750
3758
3766
3774
3270
3790
3798
2
3814
3822
3830
3838
3334
3854
3862
2
3878
3886
3894
3902
3398
3918
3926
2
3942
3950
3958
3966
3462
3982
3990
2
4006
4014
4022
4030
3526
4046
4054
2
4070
4078
4086
4094
3078
3598
3606
2
3622
3630
3638
3646
3142
3662
3670
2
3686
3694
3702
3710
3206
3726
3734
2
3750
3758
3766
3774
3270
3790
3798
2
3814
3822
3830
3838
3334
3854
3862
2
3878
3886
3894
3902
3398
3918
3926
2
3942
3950
3958
3966
3462
3982
3990
2
4006
4014
4022
4030
3526
4046
4054
2
4070
4078
4086
4094
3078
3598
3606
2
3622
3630
3638
3646
3142
3662
3670
2
3686
3694
3702
3710
3206
3726
3734
2
3750
3758
3766
3774
3270
3790
3798
2
3814
3822
3830
3838
3334
3854
3862
2
3878
3886
3894
3902
3398
3918
3926
2
3942
3950
3958
3966
3462
3982
3990
2
4006
4014
4022
4030
3526
4046
4054
2
4070
4078
4086
4094
3078
3598
3606
2
3622
3630
3638
3646
3142
3662
3670
2
3686
3694
3702
3710
3206
3726
3734
2
3750
3758
3766
3774
3270
3790
3798
2
3814
3822
3830
3838
3334
3854
3862
2
3878
3886
3894
3902
3398
3918
3926
2
3942
3950
3958
3966
3462
3982
3990
2
4006
4014
4022
4030
3526
4046
4054
2
4070
4078
4086
4094
3078
3598
3606
2
3622
3630
3638
3646
3142
3662
3670
2
3686
3694
3702
3710
3206
3726
3734
2
3750
3758
3766
3774
3270
3790
3798
2
3814
3822
3830
3838
3334
3854
3862
2
3878
3886
3894
3902
3398
3918
3926
2
3942
3950
3958
3966
3462
3982
3990
2
4006
4014
4022
4030
3526
4046
4054
2
4070
4078
4086
4094
4110
4182
4190
4262
4206
4214
4222
4230
1030
1550
1558
2078
1574
1582
1590
1598
1094
1614
1622
2142
1638
1646
1654
1662
1158
1678
1686
2206
1702
1710
1718
1726
1222
1742
1750
2270
1766
1774
1782
1790
1286
1806
1814
2334
1830
1838
1846
1854
1350
1870
1878
2398
1894
1902
1910
1918
1414
1934
1942
2462
1958
1966
1974
1982
1478
1998
2006
2526
2022
2030
2038
2046
1542
2062
2070
2590
2086
2094
2102
2110
1606
2126
2134
2654
2150
2158
2166
2174
1670
2190
2198
2718
2214
2222
2230
2238
1734
2254
2262
2782
2278
2286
2294
2302
1798
2318
2326
2846
2342
2350
2358
2366
1862
2382
2390
2910
2406
2414
2422
2430
1926
2446
2454
2974
2470
2478
2486
2494
1990
2510
2518
3038
2534
2542
2550
2558
2054
2574
2582
3102
2598
2606
2614
2622
2118
2638
2646
3166
2662
2670
2678
2686
2182
2702
2710
3230
2726
2734
2742
2750
2246
2766
2774
3294
2790
2798
2806
2814
2310
2830
2838
3358
2854
2862
2870
2878
2374
2894
2902
3422
2918
2926
2934
2942
2438
2958
2966
3486
2982
2990
2998
3006
2502
3022
3030
3550
3046
3054
3062
3070
