4103
2
2
15
23
543
39
47
55
63
2
79
87
607
103
111
119
127
2
143
151
671
167
175
183
191
2
207
215
735
231
239
247
255
2
271
279
799
295
303
311
319
2
335
343
863
359
367
375
383
2
399
407
927
423
431
439
447
2
463
471
991
487
495
503
511
2
15
23
543
39
47
55
63
2
79
87
607
103
111
119
127
2
143
151
671
167
175
183
191
2
207
215
735
231
239
247
255
2
271
279
799
295
303
311
319
2
335
343
863
359
367
375
383
2
399
407
927
423
431
439
447
2
463
471
991
487
495
503
511
2
15
23
543
39
47
55
63
2
79
87
607
103
111
119
127
2
143
151
671
167
175
183
191
2
207
215
735
231
239
247
255
2
271
279
799
295
303
311
319
2
335
343
863
359
367
375
383
2
399
407
927
423
431
439
447
2
463
471
991
487
495
503
511
2
15
23
543
39
47
55
63
2
79
87
607
103
111
119
127
2
143
151
671
167
175
183
191
2
207
215
735
231
239
247
255
2
271
279
799
295
303
311
319
2
335
343
863
359
367
375
383
2
399
407
927
423
431
439
447
2
463
471
991
487
495
503
511
2
15
23
543
39
47
55
63
2
79
87
607
103
111
119
127
2
143
151
671
167
175
183
191
2
207
215
735
231
239
247
255
2
271
279
799
295
303
311
319
2
335
343
863
359
367
375
383
2
399
407
927
423
431
439
447
2
463
471
991
487
495
503
511
2
15
23
543
39
47
55
63
2
79
87
607
103
111
119
127
2
143
151
671
167
175
183
191
2
207
215
735
231
239
247
255
2
271
279
799
295
303
311
319
2
335
343
863
359
367
375
383
2
399
407
927
423
431
439
447
2
463
471
991
487
495
503
511
2
15
23
543
39
47
55
63
2
79
87
607
103
111
119
127
2
143
151
671
167
175
183
191
2
207
215
735
231
239
247
255
2
271
279
799
295
303
311
319
2
335
343
863
359
367
375
383
2
399
407
927
423
431
439
447
2
463
471
991
487
495
503
511
2
15
23
543
39
47
55
63
2
79
87
607
103
111
119
127
2
143
151
671
167
175
183
191
2
207
215
735
231
239
247
255
2
271
279
799
295
303
311
319
2
335
343
863
359
367
375
383
2
399
407
927
423
431
439
447
2
463
471
991
487
495
503
511
7
527
535
1055
551
559
567
575
71
591
599
1119
615
623
631
639
135
655
663
1183
679
687
695
703
199
719
727
1247
743
751
759
767
263
783
791
1311
807
815
823
831
327
847
855
1375
871
879
887
895
391
911
919
1439
935
943
951
959
455
975
983
1503
999
1007
1015
1023
7
527
535
1055
551
559
567
575
71
591
599
1119
615
623
631
639
135
655
663
1183
679
687
695
703
199
719
727
1247
743
751
759
767
263
783
791
1311
807
815
823
831
327
847
855
1375
871
879
887
895
391
911
919
1439
935
943
951
959
455
975
983
1503
999
1007
1015
1023
7
527
535
1055
551
559
567
575
71
591
599
1119
615
623
631
639
135
655
663
1183
679
687
695
703
199
719
727
1247
743
751
759
767
263
783
791
1311
807
815
823
831
327
847
855
1375
871
879
887
895
391
911
919
1439
935
943
951
959
455
975
983
1503
999
1007
1015
1023
7
527
535
1055
551
559
567
575
71
591
599
1119
615
623
631
639
135
655
663
1183
679
687
695
703
199
719
727
1247
743
751
759
767
263
783
791
1311
807
815
823
831
327
847
855
1375
871
879
887
895
391
911
919
1439
935
943
951
959
455
975
983
1503
999
1007
1015
1023
7
527
535
1055
551
559
567
575
71
591
599
1119
615
623
631
639
135
655
663
1183
679
687
695
703
199
719
727
1247
743
751
759
767
263
783
791
1311
807
815
823
831
327
847
855
1375
871
879
887
895
391
911
919
1439
935
943
951
959
455
975
983
1503
999
1007
1015
1023
7
527
535
1055
551
559
567
575
71
591
599
1119
615
623
631
639
135
655
663
1183
679
687
695
703
199
719
727
1247
743
751
759
767
263
783
791
1311
807
815
823
831
327
847
855
1375
871
879
887
895
391
911
919
1439
935
943
951
959
455
975
983
1503
999
1007
1015
1023
7
527
535
1055
551
559
567
575
71
591
599
1119
615
623
631
639
135
655
663
1183
679
687
695
703
199
719
727
1247
743
751
759
767
263
783
791
1311
807
815
823
831
327
847
855
1375
871
879
887
895
391
911
919
1439
935
943
951
959
455
975
983
1503
999
1007
1015
1023
7
527
535
1055
551
559
567
575
71
591
599
1119
615
623
631
639
135
655
663
1183
679
687
695
703
199
719
727
1247
743
751
759
767
263
783
791
1311
807
815
823
831
327
847
855
1375
871
879
887
895
391
911
919
1439
935
943
951
959
455
975
983
1503
999
1007
1015
1023
519
1039
1047
1567
1063
1071
1079
1087
583
1103
1111
1631
1127
1135
1143
1151
647
1167
1175
1695
1191
1199
1207
1215
711
1231
1239
1759
1255
1263
1271
1279
775
1295
1303
1823
1319
1327
1335
1343
839
1359
1367
1887
1383
1391
1399
1407
903
1423
1431
1951
1447
1455
1463
1471
967
1487
1495
2015
1511
1519
1527
1535
519
1039
1047
1567
1063
1071
1079
1087
583
1103
1111
1631
1127
1135
1143
1151
647
1167
1175
1695
1191
1199
1207
1215
711
1231
1239
1759
1255
1263
1271
1279
775
1295
1303
1823
1319
1327
1335
1343
839
1359
1367
1887
1383
1391
1399
1407
903
1423
1431
1951
1447
1455
1463
1471
967
1487
1495
2015
1511
1519
1527
1535
519
1039
1047
1567
1063
1071
1079
1087
583
1103
1111
1631
1127
1135
1143
1151
647
1167
1175
1695
1191
1199
1207
1215
711
1231
1239
1759
1255
1263
1271
1279
775
1295
1303
1823
1319
1327
1335
1343
839
1359
1367
1887
1383
1391
1399
1407
903
1423
1431
1951
1447
1455
1463
1471
967
1487
1495
2015
1511
1519
1527
1535
519
1039
1047
1567
1063
1071
1079
1087
583
1103
1111
1631
1127
1135
1143
1151
647
1167
1175
1695
1191
1199
1207
1215
711
1231
1239
1759
1255
1263
1271
1279
775
1295
1303
1823
1319
1327
1335
1343
839
1359
1367
1887
1383
1391
1399
1407
903
1423
1431
1951
1447
1455
1463
1471
967
1487
1495
2015
1511
1519
1527
1535
519
1039
1047
1567
1063
1071
1079
1087
583
1103
1111
1631
1127
1135
1143
1151
647
1167
1175
1695
1191
1199
1207
1215
711
1231
1239
1759
1255
1263
1271
1279
775
1295
1303
1823
1319
1327
1335
1343
839
1359
1367
1887
1383
1391
1399
1407
903
1423
1431
1951
1447
1455
1463
1471
967
1487
1495
2015
1511
1519
1527
1535
519
1039
1047
1567
1063
1071
1079
1087
583
1103
1111
1631
1127
1135
1143
1151
647
1167
1175
1695
1191
1199
1207
1215
711
1231
1239
1759
1255
1263
1271
1279
775
1295
1303
1823
1319
1327
1335
1343
839
1359
1367
1887
1383
1391
1399
1407
903
1423
1431
1951
1447
1455
1463
1471
967
1487
1495
2015
1511
1519
1527
1535
519
1039
1047
1567
1063
1071
1079
1087
583
1103
1111
1631
1127
1135
1143
1151
647
1167
1175
1695
1191
1199
1207
1215
711
1231
1239
1759
1255
1263
1271
1279
775
1295
1303
1823
1319
1327
1335
1343
839
1359
1367
1887
1383
1391
1399
1407
903
1423
1431
1951
1447
1455
1463
1471
967
1487
1495
2015
1511
1519
1527
1535
519
1039
1047
1567
1063
1071
1079
1087
583
1103
1111
1631
1127
1135
1143
1151
647
1167
1175
1695
1191
1199
1207
1215
711
1231
1239
1759
1255
1263
1271
1279
775
1295
1303
1823
1319
1327
1335
1343
839
1359
1367
1887
1383
1391
1399
1407
903
1423
1431
1951
1447
1455
1463
1471
967
1487
1495
2015
1511
1519
1527
1535
1031
1551
1559
2079
1575
1583
1591
1599
1095
1615
1623
2143
1639
1647
1655
1663
1159
1679
1687
2207
1703
1711
1719
1727
1223
1743
1751
2271
1767
1775
1783
1791
1287
1807
1815
2335
1831
1839
1847
1855
1351
1871
1879
2399
1895
1903
1911
1919
1415
1935
1943
2463
1959
1967
1975
1983
1479
1999
2007
2527
2023
2031
2039
2047
1031
1551
1559
2079
1575
1583
1591
1599
1095
1615
1623
2143
1639
1647
1655
1663
1159
1679
1687
2207
1703
1711
1719
1727
1223
1743
1751
2271
1767
1775
1783
1791
1287
1807
1815
2335
1831
1839
1847
1855
1351
1871
1879
2399
1895
1903
1911
1919
1415
1935
1943
2463
1959
1967
1975
1983
1479
1999
2007
2527
2023
2031
2039
2047
1031
1551
1559
2079
1575
1583
1591
1599
1095
1615
1623
2143
1639
1647
1655
1663
1159
1679
1687
2207
1703
1711
1719
1727
1223
1743
1751
2271
1767
1775
1783
1791
1287
1807
1815
2335
1831
1839
1847
1855
1351
1871
1879
2399
1895
1903
1911
1919
1415
1935
1943
2463
1959
1967
1975
1983
1479
1999
2007
2527
2023
2031
2039
2047
1031
1551
1559
2079
1575
1583
1591
1599
1095
1615
1623
2143
1639
1647
1655
1663
1159
1679
1687
2207
1703
1711
1719
1727
1223
1743
1751
2271
1767
1775
1783
1791
1287
1807
1815
2335
1831
1839
1847
1855
1351
1871
1879
2399
1895
1903
1911
1919
1415
1935
1943
2463
1959
1967
1975
1983
1479
1999
2007
2527
2023
2031
2039
2047
1031
1551
1559
2079
1575
1583
1591
1599
1095
1615
1623
2143
1639
1647
1655
1663
1159
1679
1687
2207
1703
1711
1719
1727
1223
1743
1751
2271
1767
1775
1783
1791
1287
1807
1815
2335
1831
1839
1847
1855
1351
1871
1879
2399
1895
1903
1911
1919
1415
1935
1943
2463
1959
1967
1975
1983
1479
1999
2007
2527
2023
2031
2039
2047
1031
1551
1559
2079
1575
1583
1591
1599
1095
1615
1623
2143
1639
1647
1655
1663
1159
1679
1687
2207
1703
1711
1719
1727
1223
1743
1751
2271
1767
1775
1783
1791
1287
1807
1815
2335
1831
1839
1847
1855
1351
1871
1879
2399
1895
1903
1911
1919
1415
1935
1943
2463
1959
1967
1975
1983
1479
1999
2007
2527
2023
2031
2039
2047
1031
1551
1559
2079
1575
1583
1591
1599
1095
1615
1623
2143
1639
1647
1655
1663
1159
1679
1687
2207
1703
1711
1719
1727
1223
1743
1751
2271
1767
1775
1783
1791
1287
1807
1815
2335
1831
1839
1847
1855
1351
1871
1879
2399
1895
1903
1911
1919
1415
1935
1943
2463
1959
1967
1975
1983
1479
1999
2007
2527
2023
2031
2039
2047
1031
1551
1559
2079
1575
1583
1591
1599
1095
1615
1623
2143
1639
1647
1655
1663
1159
1679
1687
2207
1703
1711
1719
1727
1223
1743
1751
2271
1767
1775
1783
1791
1287
1807
1815
2335
1831
1839
1847
1855
1351
1871
1879
2399
1895
1903
1911
1919
1415
1935
1943
2463
1959
1967
1975
1983
1479
1999
2007
2527
2023
2031
2039
2047
1543
2063
2071
2591
2087
2095
2103
2111
1607
2127
2135
2655
2151
2159
2167
2175
1671
2191
2199
2719
2215
2223
2231
2239
1735
2255
2263
2783
2279
2287
2295
2303
1799
2319
2327
2847
2343
2351
2359
2367
1863
2383
2391
2911
2407
2415
2423
2431
1927
2447
2455
2975
2471
2479
2487
2495
1991
2511
2519
3039
2535
2543
2551
2559
1543
2063
2071
2591
2087
2095
2103
2111
1607
2127
2135
2655
2151
2159
2167
2175
1671
2191
2199
2719
2215
2223
2231
2239
1735
2255
2263
2783
2279
2287
2295
2303
1799
2319
2327
2847
2343
2351
2359
2367
1863
2383
2391
2911
2407
2415
2423
2431
1927
2447
2455
2975
2471
2479
2487
2495
1991
2511
2519
3039
2535
2543
2551
2559
1543
2063
2071
2591
2087
2095
2103
2111
1607
2127
2135
2655
2151
2159
2167
2175
1671
2191
2199
2719
2215
2223
2231
2239
1735
2255
2263
2783
2279
2287
2295
2303
1799
2319
2327
2847
2343
2351
2359
2367
1863
2383
2391
2911
2407
2415
2423
2431
1927
2447
2455
2975
2471
2479
2487
2495
1991
2511
2519
3039
2535
2543
2551
2559
1543
2063
2071
2591
2087
2095
2103
2111
1607
2127
2135
2655
2151
2159
2167
2175
1671
2191
2199
2719
2215
2223
2231
2239
1735
2255
2263
2783
2279
2287
2295
2303
1799
2319
2327
2847
2343
2351
2359
2367
1863
2383
2391
2911
2407
2415
2423
2431
1927
2447
2455
2975
2471
2479
2487
2495
1991
2511
2519
3039
2535
2543
2551
2559
1543
2063
2071
2591
2087
2095
2103
2111
1607
2127
2135
2655
2151
2159
2167
2175
1671
2191
2199
2719
2215
2223
2231
2239
1735
2255
2263
2783
2279
2287
2295
2303
1799
2319
2327
2847
2343
2351
2359
2367
1863
2383
2391
2911
2407
2415
2423
2431
1927
2447
2455
2975
2471
2479
2487
2495
1991
2511
2519
3039
2535
2543
2551
2559
1543
2063
2071
2591
2087
2095
2103
2111
1607
2127
2135
2655
2151
2159
2167
2175
1671
2191
2199
2719
2215
2223
2231
2239
1735
2255
2263
2783
2279
2287
2295
2303
1799
2319
2327
2847
2343
2351
2359
2367
1863
2383
2391
2911
2407
2415
2423
2431
1927
2447
2455
2975
2471
2479
2487
2495
1991
2511
2519
3039
2535
2543
2551
2559
1543
2063
2071
2591
2087
2095
2103
2111
1607
2127
2135
2655
2151
2159
2167
2175
1671
2191
2199
2719
2215
2223
2231
2239
1735
2255
2263
2783
2279
2287
2295
2303
1799
2319
2327
2847
2343
2351
2359
2367
1863
2383
2391
2911
2407
2415
2423
2431
1927
2447
2455
2975
2471
2479
2487
2495
1991
2511
2519
3039
2535
2543
2551
2559
1543
2063
2071
2591
2087
2095
2103
2111
1607
2127
2135
2655
2151
2159
2167
2175
1671
2191
2199
2719
2215
2223
2231
2239
1735
2255
2263
2783
2279
2287
2295
2303
1799
2319
2327
2847
2343
2351
2359
2367
1863
2383
2391
2911
2407
2415
2423
2431
1927
2447
2455
2975
2471
2479
2487
2495
1991
2511
2519
3039
2535
2543
2551
2559
2055
2575
2583
3103
2599
2607
2615
2623
2119
2639
2647
3167
2663
2671
2679
2687
2183
2703
2711
3231
2727
2735
2743
2751
2247
2767
2775
3295
2791
2799
2807
2815
2311
2831
2839
3359
2855
2863
2871
2879
2375
2895
2903
3423
2919
2927
2935
2943
2439
2959
2967
3487
2983
2991
2999
3007
2503
3023
3031
3551
3047
3055
3063
3071
2055
2575
2583
3103
2599
2607
2615
2623
2119
2639
2647
3167
2663
2671
2679
2687
2183
2703
2711
3231
2727
2735
2743
2751
2247
2767
2775
3295
2791
2799
2807
2815
2311
2831
2839
3359
2855
2863
2871
2879
2375
2895
2903
3423
2919
2927
2935
2943
2439
2959
2967
3487
2983
2991
2999
3007
2503
3023
3031
3551
3047
3055
3063
3071
2055
2575
2583
3103
2599
2607
2615
2623
2119
2639
2647
3167
2663
2671
2679
2687
2183
2703
2711
3231
2727
2735
2743
2751
2247
2767
2775
3295
2791
2799
2807
2815
2311
2831
2839
3359
2855
2863
2871
2879
2375
2895
2903
3423
2919
2927
2935
2943
2439
2959
2967
3487
2983
2991
2999
3007
2503
3023
3031
3551
3047
3055
3063
3071
2055
2575
2583
3103
2599
2607
2615
2623
2119
2639
2647
3167
2663
2671
2679
2687
2183
2703
2711
3231
2727
2735
2743
2751
2247
2767
2775
3295
2791
2799
2807
2815
2311
2831
2839
3359
2855
2863
2871
2879
2375
2895
2903
3423
2919
2927
2935
2943
2439
2959
2967
3487
2983
2991
2999
3007
2503
3023
3031
3551
3047
3055
3063
3071
2055
2575
2583
3103
2599
2607
2615
2623
2119
2639
2647
3167
2663
2671
2679
2687
2183
2703
2711
3231
2727
2735
2743
2751
2247
2767
2775
3295
2791
2799
2807
2815
2311
2831
2839
3359
2855
2863
2871
2879
2375
2895
2903
3423
2919
2927
2935
2943
2439
2959
2967
3487
2983
2991
2999
3007
2503
3023
3031
3551
3047
3055
3063
3071
2055
2575
2583
3103
2599
2607
2615
2623
2119
2639
2647
3167
2663
2671
2679
2687
2183
2703
2711
3231
2727
2735
2743
2751
2247
2767
2775
3295
2791
2799
2807
2815
2311
2831
2839
3359
2855
2863
2871
2879
2375
2895
2903
3423
2919
2927
2935
2943
2439
2959
2967
3487
2983
2991
2999
3007
2503
3023
3031
3551
3047
3055
3063
3071
2055
2575
2583
3103
2599
2607
2615
2623
2119
2639
2647
3167
2663
2671
2679
2687
2183
2703
2711
3231
2727
2735
2743
2751
2247
2767
2775
3295
2791
2799
2807
2815
2311
2831
2839
3359
2855
2863
2871
2879
2375
2895
2903
3423
2919
2927
2935
2943
2439
2959
2967
3487
2983
2991
2999
3007
2503
3023
3031
3551
3047
3055
3063
3071
2055
2575
2583
3103
2599
2607
2615
2623
2119
2639
2647
3167
2663
2671
2679
2687
2183
2703
2711
3231
2727
2735
2743
2751
2247
2767
2775
3295
2791
2799
2807
2815
2311
2831
2839
3359
2855
2863
2871
2879
2375
2895
2903
3423
2919
2927
2935
2943
2439
2959
2967
3487
2983
2991
2999
3007
2503
3023
3031
3551
3047
3055
3063
3071
2567
3087
3095
3615
3111
3119
3127
3135
2631
3151
3159
3679
3175
3183
3191
3199
2695
3215
3223
3743
3239
3247
3255
3263
2759
3279
3287
3807
3303
3311
3319
3327
2823
3343
3351
3871
3367
3375
3383
3391
2887
3407
3415
3935
3431
3439
3447
3455
2951
3471
3479
3999
3495
3503
3511
3519
3015
3535
3543
4063
3559
3567
3575
3583
2567
3087
3095
3615
3111
3119
3127
3135
2631
3151
3159
3679
3175
3183
3191
3199
2695
3215
3223
3743
3239
3247
3255
3263
2759
3279
3287
3807
3303
3311
3319
3327
2823
3343
3351
3871
3367
3375
3383
3391
2887
3407
3415
3935
3431
3439
3447
3455
2951
3471
3479
3999
3495
3503
3511
3519
3015
3535
3543
4063
3559
3567
3575
3583
2567
3087
3095
3615
3111
3119
3127
3135
2631
3151
3159
3679
3175
3183
3191
3199
2695
3215
3223
3743
3239
3247
3255
3263
2759
3279
3287
3807
3303
3311
3319
3327
2823
3343
3351
3871
3367
3375
3383
3391
2887
3407
3415
3935
3431
3439
3447
3455
2951
3471
3479
3999
3495
3503
3511
3519
3015
3535
3543
4063
3559
3567
3575
3583
2567
3087
3095
3615
3111
3119
3127
3135
2631
3151
3159
3679
3175
3183
3191
3199
2695
3215
3223
3743
3239
3247
3255
3263
2759
3279
3287
3807
3303
3311
3319
3327
2823
3343
3351
3871
3367
3375
3383
3391
2887
3407
3415
3935
3431
3439
3447
3455
2951
3471
3479
3999
3495
3503
3511
3519
3015
3535
3543
4063
3559
3567
3575
3583
2567
3087
3095
3615
3111
3119
3127
3135
2631
3151
3159
3679
3175
3183
3191
3199
2695
3215
3223
3743
3239
3247
3255
3263
2759
3279
3287
3807
3303
3311
3319
3327
2823
3343
3351
3871
3367
3375
3383
3391
2887
3407
3415
3935
3431
3439
3447
3455
2951
3471
3479
3999
3495
3503
3511
3519
3015
3535
3543
4063
3559
3567
3575
3583
2567
3087
3095
3615
3111
3119
3127
3135
2631
3151
3159
3679
3175
3183
3191
3199
2695
3215
3223
3743
3239
3247
3255
3263
2759
3279
3287
3807
3303
3311
3319
3327
2823
3343
3351
3871
3367
3375
3383
3391
2887
3407
3415
3935
3431
3439
3447
3455
2951
3471
3479
3999
3495
3503
3511
3519
3015
3535
3543
4063
3559
3567
3575
3583
2567
3087
3095
3615
3111
3119
3127
3135
2631
3151
3159
3679
3175
3183
3191
3199
2695
3215
3223
3743
3239
3247
3255
3263
2759
3279
3287
3807
3303
3311
3319
3327
2823
3343
3351
3871
3367
3375
3383
3391
2887
3407
3415
3935
3431
3439
3447
3455
2951
3471
3479
3999
3495
3503
3511
3519
3015
3535
3543
4063
3559
3567
3575
3583
2567
3087
3095
3615
3111
3119
3127
3135
2631
3151
3159
3679
3175
3183
3191
3199
2695
3215
3223
3743
3239
3247
3255
3263
2759
3279
3287
3807
3303
3311
3319
3327
2823
3343
3351
3871
3367
3375
3383
3391
2887
3407
3415
3935
3431
3439
3447
3455
2951
3471
3479
3999
3495
3503
3511
3519
3015
3535
3543
4063
3559
3567
3575
3583
3079
3599
3607
2
3623
3631
3639
3647
3143
3663
3671
2
3687
3695
3703
3711
3207
3727
3735
2
3751
3759
3767
3775
3271
3791
3799
2
3815
3823
3831
3839
3335
3855
3863
2
3879
3887
3895
3903
3399
3919
3927
2
3943
3951
3959
3967
3463
3983
3991
2
4007
4015
4023
4031
3527
4047
4055
2
4071
4079
4087
4095
3079
3599
3607
2
3623
3631
3639
3647
3143
3663
3671
2
3687
3695
3703
3711
3207
3727
3735
2
3751
3759
3767
3775
3271
3791
3799
2
3815
3823
3831
3839
3335
3855
3863
2
3879
3887
3895
3903
3399
3919
3927
2
3943
3951
3959
3967
3463
3983
3991
2
4007
4015
4023
4031
3527
4047
4055
2
4071
4079
4087
4095
3079
3599
3607
2
3623
3631
3639
3647
3143
3663
3671
2
3687
3695
3703
3711
3207
3727
3735
2
3751
3759
3767
3775
3271
3791
3799
2
3815
3823
3831
3839
3335
3855
3863
2
3879
3887
3895
3903
3399
3919
3927
2
3943
3951
3959
3967
3463
3983
3991
2
4007
4015
4023
4031
3527
4047
4055
2
4071
4079
4087
4095
3079
3599
3607
2
3623
3631
3639
3647
3143
3663
3671
2
3687
3695
3703
3711
3207
3727
3735
2
3751
3759
3767
3775
3271
3791
3799
2
3815
3823
3831
3839
3335
3855
3863
2
3879
3887
3895
3903
3399
3919
3927
2
3943
3951
3959
3967
3463
3983
3991
2
4007
4015
4023
4031
3527
4047
4055
2
4071
4079
4087
4095
3079
3599
3607
2
3623
3631
3639
3647
3143
3663
3671
2
3687
3695
3703
3711
3207
3727
3735
2
3751
3759
3767
3775
3271
3791
3799
2
3815
3823
3831
3839
3335
3855
3863
2
3879
3887
3895
3903
3399
3919
3927
2
3943
3951
3959
3967
3463
3983
3991
2
4007
4015
4023
4031
3527
4047
4055
2
4071
4079
4087
4095
3079
3599
3607
2
3623
3631
3639
3647
3143
3663
3671
2
3687
3695
3703
3711
3207
3727
3735
2
3751
3759
3767
3775
3271
3791
3799
2
3815
3823
3831
3839
3335
3855
3863
2
3879
3887
3895
3903
3399
3919
3927
2
3943
3951
3959
3967
3463
3983
3991
2
4007
4015
4023
4031
3527
4047
4055
2
4071
4079
4087
4095
3079
3599
3607
2
3623
3631
3639
3647
3143
3663
3671
2
3687
3695
3703
3711
3207
3727
3735
2
3751
3759
3767
3775
3271
3791
3799
2
3815
3823
3831
3839
3335
3855
3863
2
3879
3887
3895
3903
3399
3919
3927
2
3943
3951
3959
3967
3463
3983
3991
2
4007
4015
4023
4031
3527
4047
4055
2
4071
4079
4087
4095
3079
3599
3607
2
3623
3631
3639
3647
3143
3663
3671
2
3687
3695
3703
3711
3207
3727
3735
2
3751
3759
3767
3775
3271
3791
3799
2
3815
3823
3831
3839
3335
3855
3863
2
3879
3887
3895
3903
3399
3919
3927
2
3943
3951
3959
3967
3463
3983
3991
2
4007
4015
4023
4031
3527
4047
4055
2
4071
4079
4087
4095
4111
4183
4191
4263
4207
4215
4223
4231
1031
1551
1559
2079
1575
1583
1591
1599
1095
1615
1623
2143
1639
1647
1655
1663
1159
1679
1687
2207
1703
1711
1719
1727
1223
1743
1751
2271
1767
1775
1783
1791
1287
1807
1815
2335
1831
1839
1847
1855
1351
1871
1879
2399
1895
1903
1911
1919
1415
1935
1943
2463
1959
1967
1975
1983
1479
1999
2007
2527
2023
2031
2039
2047
1543
2063
2071
2591
2087
2095
2103
2111
1607
2127
2135
2655
2151
2159
2167
2175
1671
2191
2199
2719
2215
2223
2231
2239
1735
2255
2263
2783
2279
2287
2295
2303
1799
2319
2327
2847
2343
2351
2359
2367
1863
2383
2391
2911
2407
2415
2423
2431
1927
2447
2455
2975
2471
2479
2487
2495
1991
2511
2519
3039
2535
2543
2551
2559
2055
2575
2583
3103
2599
2607
2615
2623
2119
2639
2647
3167
2663
2671
2679
2687
2183
2703
2711
3231
2727
2735
2743
2751
2247
2767
2775
3295
2791
2799
2807
2815
2311
2831
2839
3359
2855
2863
2871
2879
2375
2895
2903
3423
2919
2927
2935
2943
2439
2959
2967
3487
2983
2991
2999
3007
2503
3023
3031
3551
3047
3055
3063
3071
