4104
2
2
16
24
544
40
48
56
64
2
80
88
608
104
112
120
128
2
144
152
672
168
176
184
192
2
208
216
736
232
240
248
256
2
272
280
800
296
304
312
320
2
336
344
864
360
368
376
384
2
400
408
928
424
432
440
448
2
464
472
992
488
496
504
512
2
16
24
544
40
48
56
64
2
80
88
608
104
112
120
128
2
144
152
672
168
176
184
192
2
208
216
736
232
240
248
256
2
272
280
800
296
304
312
320
2
336
344
864
360
368
376
384
2
400
408
928
424
432
440
448
2
464
472
992
488
496
504
512
2
16
24
544
40
48
56
64
2
80
88
608
104
112
120
128
2
144
152
672
168
176
184
192
2
208
216
736
232
240
248
256
2
272
280
800
296
304
312
320
2
336
344
864
360
368
376
384
2
400
408
928
424
432
440
448
2
464
472
992
488
496
504
512
2
16
24
544
40
48
56
64
2
80
88
608
104
112
120
128
2
144
152
672
168
176
184
192
2
208
216
736
232
240
248
256
2
272
280
800
296
304
312
320
2
336
344
864
360
368
376
384
2
400
408
928
424
432
440
448
2
464
472
992
488
496
504
512
2
16
24
544
40
48
56
64
2
80
88
608
104
112
120
128
2
144
152
672
168
176
184
192
2
208
216
736
232
240
248
256
2
272
280
800
296
304
312
320
2
336
344
864
360
368
376
384
2
400
408
928
424
432
440
448
2
464
472
992
488
496
504
512
2
16
24
544
40
48
56
64
2
80
88
608
104
112
120
128
2
144
152
672
168
176
184
192
2
208
216
736
232
240
248
256
2
272
280
800
296
304
312
320
2
336
344
864
360
368
376
384
2
400
408
928
424
432
440
448
2
464
472
992
488
496
504
512
2
16
24
544
40
48
56
64
2
80
88
608
104
112
120
128
2
144
152
672
168
176
184
192
2
208
216
736
232
240
248
256
2
272
280
800
296
304
312
320
2
336
344
864
360
368
376
384
2
400
408
928
424
432
440
448
2
464
472
992
488
496
504
512
2
16
24
544
40
48
56
64
2
80
88
608
104
112
120
128
2
144
152
672
168
176
184
192
2
208
216
736
232
240
248
256
2
272
280
800
296
304
312
320
2
336
344
864
360
368
376
384
2
400
408
928
424
432
440
448
2
464
472
992
488
496
504
512
8
528
536
1056
552
560
568
576
72
592
600
1120
616
624
632
640
136
656
664
1184
680
688
696
704
200
720
728
1248
744
752
760
768
264
784
792
1312
808
816
824
832
328
848
856
1376
872
880
888
896
392
912
920
1440
936
944
952
960
456
976
984
1504
1000
1008
1016
1024
8
528
536
1056
552
560
568
576
72
592
600
1120
616
624
632
640
136
656
664
1184
680
688
696
704
200
720
728
1248
744
752
760
768
264
784
792
1312
808
816
824
832
328
848
856
1376
872
880
888
896
392
912
920
1440
936
944
952
960
456
976
984
1504
1000
1008
1016
1024
8
528
536
1056
552
560
568
576
72
592
600
1120
616
624
632
640
136
656
664
1184
680
688
696
704
200
720
728
1248
744
752
760
768
264
784
792
1312
808
816
824
832
328
848
856
1376
872
880
888
896
392
912
920
1440
936
944
952
960
456
976
984
1504
1000
1008
1016
1024
8
528
536
1056
552
560
568
576
72
592
600
1120
616
624
632
640
136
656
664
1184
680
688
696
704
200
720
728
1248
744
752
760
768
264
784
792
1312
808
816
824
832
328
848
856
1376
872
880
888
896
392
912
920
1440
936
944
952
960
456
976
984
1504
1000
1008
1016
1024
8
528
536
1056
552
560
568
576
72
592
600
1120
616
624
632
640
136
656
664
1184
680
688
696
704
200
720
728
1248
744
752
760
768
264
784
792
1312
808
816
824
832
328
848
856
1376
872
880
888
896
392
912
920
1440
936
944
952
960
456
976
984
1504
1000
1008
1016
1024
8
528
536
1056
552
560
568
576
72
592
600
1120
616
624
632
640
136
656
664
1184
680
688
696
704
200
720
728
1248
744
752
760
768
264
784
792
1312
808
816
824
832
328
848
856
1376
872
880
888
896
392
912
920
1440
936
944
952
960
456
976
984
1504
1000
1008
1016
1024
8
528
536
1056
552
560
568
576
72
592
600
1120
616
624
632
640
136
656
664
1184
680
688
696
704
200
720
728
1248
744
752
760
768
264
784
792
1312
808
816
824
832
328
848
856
1376
872
880
888
896
392
912
920
1440
936
944
952
960
456
976
984
1504
1000
1008
1016
1024
8
528
536
1056
552
560
568
576
72
592
600
1120
616
624
632
640
136
656
664
1184
680
688
696
704
200
720
728
1248
744
752
760
768
264
784
792
1312
808
816
824
832
328
848
856
1376
872
880
888
896
392
912
920
1440
936
944
952
960
456
976
984
1504
1000
1008
1016
1024
520
1040
1048
1568
1064
1072
1080
1088
584
1104
1112
1632
1128
1136
1144
1152
648
1168
1176
1696
1192
1200
1208
1216
712
1232
1240
1760
1256
1264
1272
1280
776
1296
1304
1824
1320
1328
1336
1344
840
1360
1368
1888
1384
1392
1400
1408
904
1424
1432
1952
1448
1456
1464
1472
968
1488
1496
2016
1512
1520
1528
1536
520
1040
1048
1568
1064
1072
1080
1088
584
1104
1112
1632
1128
1136
1144
1152
648
1168
1176
1696
1192
1200
1208
1216
712
1232
1240
1760
1256
1264
1272
1280
776
1296
1304
1824
1320
1328
1336
1344
840
1360
1368
1888
1384
1392
1400
1408
904
1424
1432
1952
1448
1456
1464
1472
968
1488
1496
2016
1512
1520
1528
1536
520
1040
1048
1568
1064
1072
1080
1088
584
1104
1112
1632
1128
1136
1144
1152
648
1168
1176
1696
1192
1200
1208
1216
712
1232
1240
1760
1256
1264
1272
1280
776
1296
1304
1824
1320
1328
1336
1344
840
1360
1368
1888
1384
1392
1400
1408
904
1424
1432
1952
1448
1456
1464
1472
968
1488
1496
2016
1512
1520
1528
1536
520
1040
1048
1568
1064
1072
1080
1088
584
1104
1112
1632
1128
1136
1144
1152
648
1168
1176
1696
1192
1200
1208
1216
712
1232
1240
1760
1256
1264
1272
1280
776
1296
1304
1824
1320
1328
1336
1344
840
1360
1368
1888
1384
1392
1400
1408
904
1424
1432
1952
1448
1456
1464
1472
968
1488
1496
2016
1512
1520
1528
1536
520
1040
1048
1568
1064
1072
1080
1088
584
1104
1112
1632
1128
1136
1144
1152
648
1168
1176
1696
1192
1200
1208
1216
712
1232
1240
1760
1256
1264
1272
1280
776
1296
1304
1824
1320
1328
1336
1344
840
1360
1368
1888
1384
1392
1400
1408
904
1424
1432
1952
1448
1456
1464
1472
968
1488
1496
2016
1512
1520
1528
1536
520
1040
1048
1568
1064
1072
1080
1088
584
1104
1112
1632
1128
1136
1144
1152
648
1168
1176
1696
1192
1200
1208
1216
712
1232
1240
1760
1256
1264
1272
1280
776
1296
1304
1824
1320
1328
1336
1344
840
1360
1368
1888
1384
1392
1400
1408
904
1424
1432
1952
1448
1456
1464
1472
968
1488
1496
2016
1512
1520
1528
1536
520
1040
1048
1568
1064
1072
1080
1088
584
1104
1112
1632
1128
1136
1144
1152
648
1168
1176
1696
1192
1200
1208
1216
712
1232
1240
1760
1256
1264
1272
1280
776
1296
1304
1824
1320
1328
1336
1344
840
1360
1368
1888
1384
1392
1400
1408
904
1424
1432
1952
1448
1456
1464
1472
968
1488
1496
2016
1512
1520
1528
1536
520
1040
1048
1568
1064
1072
1080
1088
584
1104
1112
1632
1128
1136
1144
1152
648
1168
1176
1696
1192
1200
1208
1216
712
1232
1240
1760
1256
1264
1272
1280
776
1296
1304
1824
1320
1328
1336
1344
840
1360
1368
1888
1384
1392
1400
1408
904
1424
1432
1952
1448
1456
1464
1472
968
1488
1496
2016
1512
1520
1528
1536
1032
1552
1560
2080
1576
1584
1592
1600
1096
1616
1624
2144
1640
1648
1656
1664
1160
1680
1688
2208
1704
1712
1720
1728
1224
1744
1752
2272
1768
1776
1784
1792
1288
1808
1816
2336
1832
1840
1848
1856
1352
1872
1880
2400
1896
1904
1912
1920
1416
1936
1944
2464
1960
1968
1976
1984
1480
2000
2008
2528
2024
2032
2040
2048
1032
1552
1560
2080
1576
1584
1592
1600
1096
1616
1624
2144
1640
1648
1656
1664
1160
1680
1688
2208
1704
1712
1720
1728
1224
1744
1752
2272
1768
1776
1784
1792
1288
1808
1816
2336
1832
1840
1848
1856
1352
1872
1880
2400
1896
1904
1912
1920
1416
1936
1944
2464
1960
1968
1976
1984
1480
2000
2008
2528
2024
2032
2040
2048
1032
1552
1560
2080
1576
1584
1592
1600
1096
1616
1624
2144
1640
1648
1656
1664
1160
1680
1688
2208
1704
1712
1720
1728
1224
1744
1752
2272
1768
1776
1784
1792
1288
1808
1816
2336
1832
1840
1848
1856
1352
1872
1880
2400
1896
1904
1912
1920
1416
1936
1944
2464
1960
1968
1976
1984
1480
2000
2008
2528
2024
2032
2040
2048
1032
1552
1560
2080
1576
1584
1592
1600
1096
1616
1624
2144
1640
1648
1656
1664
1160
1680
1688
2208
1704
1712
1720
1728
1224
1744
1752
2272
1768
1776
1784
1792
1288
1808
1816
2336
1832
1840
1848
1856
1352
1872
1880
2400
1896
1904
1912
1920
1416
1936
1944
2464
1960
1968
1976
1984
1480
2000
2008
2528
2024
2032
2040
2048
1032
1552
1560
2080
1576
1584
1592
1600
1096
1616
1624
2144
1640
1648
1656
1664
1160
1680
1688
2208
1704
1712
1720
1728
1224
1744
1752
2272
1768
1776
1784
1792
1288
1808
1816
2336
1832
1840
1848
1856
1352
1872
1880
2400
1896
1904
1912
1920
1416
1936
1944
2464
1960
1968
1976
1984
1480
2000
2008
2528
2024
2032
2040
2048
1032
1552
1560
2080
1576
1584
1592
1600
1096
1616
1624
2144
1640
1648
1656
1664
1160
1680
1688
2208
1704
1712
1720
1728
1224
1744
1752
2272
1768
1776
1784
1792
1288
1808
1816
2336
1832
1840
1848
1856
1352
1872
1880
2400
1896
1904
1912
1920
1416
1936
1944
2464
1960
1968
1976
1984
1480
2000
2008
2528
2024
2032
2040
2048
1032
1552
1560
2080
1576
1584
1592
1600
1096
1616
1624
2144
1640
1648
1656
1664
1160
1680
1688
2208
1704
1712
1720
1728
1224
1744
1752
2272
1768
1776
1784
1792
1288
1808
1816
2336
1832
1840
1848
1856
1352
1872
1880
2400
1896
1904
1912
1920
1416
1936
1944
2464
1960
1968
1976
1984
1480
2000
2008
2528
2024
2032
2040
2048
1032
1552
1560
2080
1576
1584
1592
1600
1096
1616
1624
2144
1640
1648
1656
1664
1160
1680
1688
2208
1704
1712
1720
1728
1224
1744
1752
2272
1768
1776
1784
1792
1288
1808
1816
2336
1832
1840
1848
1856
1352
1872
1880
2400
1896
1904
1912
1920
1416
1936
1944
2464
1960
1968
1976
1984
1480
2000
2008
2528
2024
2032
2040
2048
1544
2064
2072
2592
2088
2096
2104
2112
1608
2128
2136
2656
2152
2160
2168
2176
1672
2192
2200
2720
2216
2224
2232
2240
1736
2256
2264
2784
2280
2288
2296
2304
1800
2320
2328
2848
2344
2352
2360
2368
1864
2384
2392
2912
2408
2416
2424
2432
1928
2448
2456
2976
2472
2480
2488
2496
1992
2512
2520
3040
2536
2544
2552
2560
1544
2064
2072
2592
2088
2096
2104
2112
1608
2128
2136
2656
2152
2160
2168
2176
1672
2192
2200
2720
2216
2224
2232
2240
1736
2256
2264
2784
2280
2288
2296
2304
1800
2320
2328
2848
2344
2352
2360
2368
1864
2384
2392
2912
2408
2416
2424
2432
1928
2448
2456
2976
2472
2480
2488
2496
1992
2512
2520
3040
2536
2544
2552
2560
1544
2064
2072
2592
2088
2096
2104
2112
1608
2128
2136
2656
2152
2160
2168
2176
1672
2192
2200
2720
2216
2224
2232
2240
1736
2256
2264
2784
2280
2288
2296
2304
1800
2320
2328
2848
2344
2352
2360
2368
1864
2384
2392
2912
2408
2416
2424
2432
1928
2448
2456
2976
2472
2480
2488
2496
1992
2512
2520
3040
2536
2544
2552
2560
1544
2064
2072
2592
2088
2096
2104
2112
1608
2128
2136
2656
2152
2160
2168
2176
1672
2192
2200
2720
2216
2224
2232
2240
1736
2256
2264
2784
2280
2288
2296
2304
1800
2320
2328
2848
2344
2352
2360
2368
1864
2384
2392
2912
2408
2416
2424
2432
1928
2448
2456
2976
2472
2480
2488
2496
1992
2512
2520
3040
2536
2544
2552
2560
1544
2064
2072
2592
2088
2096
2104
2112
1608
2128
2136
2656
2152
2160
2168
2176
1672
2192
2200
2720
2216
2224
2232
2240
1736
2256
2264
2784
2280
2288
2296
2304
1800
2320
2328
2848
2344
2352
2360
2368
1864
2384
2392
2912
2408
2416
2424
2432
1928
2448
2456
2976
2472
2480
2488
2496
1992
2512
2520
3040
2536
2544
2552
2560
1544
2064
2072
2592
2088
2096
2104
2112
1608
2128
2136
2656
2152
2160
2168
2176
1672
2192
2200
2720
2216
2224
2232
2240
1736
2256
2264
2784
2280
2288
2296
2304
1800
2320
2328
2848
2344
2352
2360
2368
1864
2384
2392
2912
2408
2416
2424
2432
1928
2448
2456
2976
2472
2480
2488
2496
1992
2512
2520
3040
2536
2544
2552
2560
1544
2064
2072
2592
2088
2096
2104
2112
1608
2128
2136
2656
2152
2160
2168
2176
1672
2192
2200
2720
2216
2224
2232
2240
1736
2256
2264
2784
2280
2288
2296
2304
1800
2320
2328
2848
2344
2352
2360
2368
1864
2384
2392
2912
2408
2416
2424
2432
1928
2448
2456
2976
2472
2480
2488
2496
1992
2512
2520
3040
2536
2544
2552
2560
1544
2064
2072
2592
2088
2096
2104
2112
1608
2128
2136
2656
2152
2160
2168
2176
1672
2192
2200
2720
2216
2224
2232
2240
1736
2256
2264
2784
2280
2288
2296
2304
1800
2320
2328
2848
2344
2352
2360
2368
1864
2384
2392
2912
2408
2416
2424
2432
1928
2448
2456
2976
2472
2480
2488
2496
1992
2512
2520
3040
2536
2544
2552
2560
2056
2576
2584
3104
2600
2608
2616
2624
2120
2640
2648
3168
2664
2672
2680
2688
2184
2704
2712
3232
2728
2736
2744
2752
2248
2768
2776
3296
2792
2800
2808
2816
2312
2832
2840
3360
2856
2864
2872
2880
2376
2896
2904
3424
2920
2928
2936
2944
2440
2960
2968
3488
2984
2992
3000
3008
2504
3024
3032
3552
3048
3056
3064
3072
2056
2576
2584
3104
2600
2608
2616
2624
2120
2640
2648
3168
2664
2672
2680
2688
2184
2704
2712
3232
2728
2736
2744
2752
2248
2768
2776
3296
2792
2800
2808
2816
2312
2832
2840
3360
2856
2864
2872
2880
2376
2896
2904
3424
2920
2928
2936
2944
2440
2960
2968
3488
2984
2992
3000
3008
2504
3024
3032
3552
3048
3056
3064
3072
2056
2576
2584
3104
2600
2608
2616
2624
2120
2640
2648
3168
2664
2672
2680
2688
2184
2704
2712
3232
2728
2736
2744
2752
2248
2768
2776
3296
2792
2800
2808
2816
2312
2832
2840
3360
2856
2864
2872
2880
2376
2896
2904
3424
2920
2928
2936
2944
2440
2960
2968
3488
2984
2992
3000
3008
2504
3024
3032
3552
3048
3056
3064
3072
2056
2576
2584
3104
2600
2608
2616
2624
2120
2640
2648
3168
2664
2672
2680
2688
2184
2704
2712
3232
2728
2736
2744
2752
2248
2768
2776
3296
2792
2800
2808
2816
2312
2832
2840
3360
2856
2864
2872
2880
2376
2896
2904
3424
2920
2928
2936
2944
2440
2960
2968
3488
2984
2992
3000
3008
2504
3024
3032
3552
3048
3056
3064
3072
2056
2576
2584
3104
2600
2608
2616
2624
2120
2640
2648
3168
2664
2672
2680
2688
2184
2704
2712
3232
2728
2736
2744
2752
2248
2768
2776
3296
2792
2800
2808
2816
2312
2832
2840
3360
2856
2864
2872
2880
2376
2896
2904
3424
2920
2928
2936
2944
2440
2960
2968
3488
2984
2992
3000
3008
2504
3024
3032
3552
3048
3056
3064
3072
2056
2576
2584
3104
2600
2608
2616
2624
2120
2640
2648
3168
2664
2672
2680
2688
2184
2704
2712
3232
2728
2736
2744
2752
2248
2768
2776
3296
2792
2800
2808
2816
2312
2832
2840
3360
2856
2864
2872
2880
2376
2896
2904
3424
2920
2928
2936
2944
2440
2960
2968
3488
2984
2992
3000
3008
2504
3024
3032
3552
3048
3056
3064
3072
2056
2576
2584
3104
2600
2608
2616
2624
2120
2640
2648
3168
2664
2672
2680
2688
2184
2704
2712
3232
2728
2736
2744
2752
2248
2768
2776
3296
2792
2800
2808
2816
2312
2832
2840
3360
2856
2864
2872
2880
2376
2896
2904
3424
2920
2928
2936
2944
2440
2960
2968
3488
2984
2992
3000
3008
2504
3024
3032
3552
3048
3056
3064
3072
2056
2576
2584
3104
2600
2608
2616
2624
2120
2640
2648
3168
2664
2672
2680
2688
2184
2704
2712
3232
2728
2736
2744
2752
2248
2768
2776
3296
2792
2800
2808
2816
2312
2832
2840
3360
2856
2864
2872
2880
2376
2896
2904
3424
2920
2928
2936
2944
2440
2960
2968
3488
2984
2992
3000
3008
2504
3024
3032
3552
3048
3056
3064
3072
2568
3088
3096
3616
3112
3120
3128
3136
2632
3152
3160
3680
3176
3184
3192
3200
2696
3216
3224
3744
3240
3248
3256
3264
2760
3280
3288
3808
3304
3312
3320
3328
2824
3344
3352
3872
3368
3376
3384
3392
2888
3408
3416
3936
3432
3440
3448
3456
2952
3472
3480
4000
3496
3504
3512
3520
3016
3536
3544
4064
3560
3568
3576
3584
2568
3088
3096
3616
3112
3120
3128
3136
2632
3152
3160
3680
3176
3184
3192
3200
2696
3216
3224
3744
3240
3248
3256
3264
2760
3280
3288
3808
3304
3312
3320
3328
2824
3344
3352
3872
3368
3376
3384
3392
2888
3408
3416
3936
3432
3440
3448
3456
2952
3472
3480
4000
3496
3504
3512
3520
3016
3536
3544
4064
3560
3568
3576
3584
2568
3088
3096
3616
3112
3120
3128
3136
2632
3152
3160
3680
3176
3184
3192
3200
2696
3216
3224
3744
3240
3248
3256
3264
2760
3280
3288
3808
3304
3312
3320
3328
2824
3344
3352
3872
3368
3376
3384
3392
2888
3408
3416
3936
3432
3440
3448
3456
2952
3472
3480
4000
3496
3504
3512
3520
3016
3536
3544
4064
3560
3568
3576
3584
2568
3088
3096
3616
3112
3120
3128
3136
2632
3152
3160
3680
3176
3184
3192
3200
2696
3216
3224
3744
3240
3248
3256
3264
2760
3280
3288
3808
3304
3312
3320
3328
2824
3344
3352
3872
3368
3376
3384
3392
2888
3408
3416
3936
3432
3440
3448
3456
2952
3472
3480
4000
3496
3504
3512
3520
3016
3536
3544
4064
3560
3568
3576
3584
2568
3088
3096
3616
3112
3120
3128
3136
2632
3152
3160
3680
3176
3184
3192
3200
2696
3216
3224
3744
3240
3248
3256
3264
2760
3280
3288
3808
3304
3312
3320
3328
2824
3344
3352
3872
3368
3376
3384
3392
2888
3408
3416
3936
3432
3440
3448
3456
2952
3472
3480
4000
3496
3504
3512
3520
3016
3536
3544
4064
3560
3568
3576
3584
2568
3088
3096
3616
3112
3120
3128
3136
2632
3152
3160
3680
3176
3184
3192
3200
2696
3216
3224
3744
3240
3248
3256
3264
2760
3280
3288
3808
3304
3312
3320
3328
2824
3344
3352
3872
3368
3376
3384
3392
2888
3408
3416
3936
3432
3440
3448
3456
2952
3472
3480
4000
3496
3504
3512
3520
3016
3536
3544
4064
3560
3568
3576
3584
2568
3088
3096
3616
3112
3120
3128
3136
2632
3152
3160
3680
3176
3184
3192
3200
2696
3216
3224
3744
3240
3248
3256
3264
2760
3280
3288
3808
3304
3312
3320
3328
2824
3344
3352
3872
3368
3376
3384
3392
2888
3408
3416
3936
3432
3440
3448
3456
2952
3472
3480
4000
3496
3504
3512
3520
3016
3536
3544
4064
3560
3568
3576
3584
2568
3088
3096
3616
3112
3120
3128
3136
2632
3152
3160
3680
3176
3184
3192
3200
2696
3216
3224
3744
3240
3248
3256
3264
2760
3280
3288
3808
3304
3312
3320
3328
2824
3344
3352
3872
3368
3376
3384
3392
2888
3408
3416
3936
3432
3440
3448
3456
2952
3472
3480
4000
3496
3504
3512
3520
3016
3536
3544
4064
3560
3568
3576
3584
3080
3600
3608
2
3624
3632
3640
3648
3144
3664
3672
2
3688
3696
3704
3712
3208
3728
3736
2
3752
3760
3768
3776
3272
3792
3800
2
3816
3824
3832
3840
3336
3856
3864
2
3880
3888
3896
3904
3400
3920
3928
2
3944
3952
3960
3968
3464
3984
3992
2
4008
4016
4024
4032
3528
4048
4056
2
4072
4080
4088
4096
3080
3600
3608
2
3624
3632
3640
3648
3144
3664
3672
2
3688
3696
3704
3712
3208
3728
3736
2
3752
3760
3768
3776
3272
3792
3800
2
3816
3824
3832
3840
3336
3856
3864
2
3880
3888
3896
3904
3400
3920
3928
2
3944
3952
3960
3968
3464
3984
3992
2
4008
4016
4024
4032
3528
4048
4056
2
4072
4080
4088
4096
3080
3600
3608
2
3624
3632
3640
3648
3144
3664
3672
2
3688
3696
3704
3712
3208
3728
3736
2
3752
3760
3768
3776
3272
3792
3800
2
3816
3824
3832
3840
3336
3856
3864
2
3880
3888
3896
3904
3400
3920
3928
2
3944
3952
3960
3968
3464
3984
3992
2
4008
4016
4024
4032
3528
4048
4056
2
4072
4080
4088
4096
3080
3600
3608
2
3624
3632
3640
3648
3144
3664
3672
2
3688
3696
3704
3712
3208
3728
3736
2
3752
3760
3768
3776
3272
3792
3800
2
3816
3824
3832
3840
3336
3856
3864
2
3880
3888
3896
3904
3400
3920
3928
2
3944
3952
3960
3968
3464
3984
3992
2
4008
4016
4024
4032
3528
4048
4056
2
4072
4080
4088
4096
3080
3600
3608
2
3624
3632
3640
3648
3144
3664
3672
2
3688
3696
3704
3712
3208
3728
3736
2
3752
3760
3768
3776
3272
3792
3800
2
3816
3824
3832
3840
3336
3856
3864
2
3880
3888
3896
3904
3400
3920
3928
2
3944
3952
3960
3968
3464
3984
3992
2
4008
4016
4024
4032
3528
4048
4056
2
4072
4080
4088
4096
3080
3600
3608
2
3624
3632
3640
3648
3144
3664
3672
2
3688
3696
3704
3712
3208
3728
3736
2
3752
3760
3768
3776
3272
3792
3800
2
3816
3824
3832
3840
3336
3856
3864
2
3880
3888
3896
3904
3400
3920
3928
2
3944
3952
3960
3968
3464
3984
3992
2
4008
4016
4024
4032
3528
4048
4056
2
4072
4080
4088
4096
3080
3600
3608
2
3624
3632
3640
3648
3144
3664
3672
2
3688
3696
3704
3712
3208
3728
3736
2
3752
3760
3768
3776
3272
3792
3800
2
3816
3824
3832
3840
3336
3856
3864
2
3880
3888
3896
3904
3400
3920
3928
2
3944
3952
3960
3968
3464
3984
3992
2
4008
4016
4024
4032
3528
4048
4056
2
4072
4080
4088
4096
3080
3600
3608
2
3624
3632
3640
3648
3144
3664
3672
2
3688
3696
3704
3712
3208
3728
3736
2
3752
3760
3768
3776
3272
3792
3800
2
3816
3824
3832
3840
3336
3856
3864
2
3880
3888
3896
3904
3400
3920
3928
2
3944
3952
3960
3968
3464
3984
3992
2
4008
4016
4024
4032
3528
4048
4056
2
4072
4080
4088
4096
4112
4184
4192
4264
4208
4216
4224
4232
1032
1552
1560
2080
1576
1584
1592
1600
1096
1616
1624
2144
1640
1648
1656
1664
1160
1680
1688
2208
1704
1712
1720
1728
1224
1744
1752
2272
1768
1776
1784
1792
1288
1808
1816
2336
1832
1840
1848
1856
1352
1872
1880
2400
1896
1904
1912
1920
1416
1936
1944
2464
1960
1968
1976
1984
1480
2000
2008
2528
2024
2032
2040
2048
1544
2064
2072
2592
2088
2096
2104
2112
1608
2128
2136
2656
2152
2160
2168
2176
1672
2192
2200
2720
2216
2224
2232
2240
1736
2256
2264
2784
2280
2288
2296
2304
1800
2320
2328
2848
2344
2352
2360
2368
1864
2384
2392
2912
2408
2416
2424
2432
1928
2448
2456
2976
2472
2480
2488
2496
1992
2512
2520
3040
2536
2544
2552
2560
2056
2576
2584
3104
2600
2608
2616
2624
2120
2640
2648
3168
2664
2672
2680
2688
2184
2704
2712
3232
2728
2736
2744
2752
2248
2768
2776
3296
2792
2800
2808
2816
2312
2832
2840
3360
2856
2864
2872
2880
2376
2896
2904
3424
2920
2928
2936
2944
2440
2960
2968
3488
2984
2992
3000
3008
2504
3024
3032
3552
3048
3056
3064
3072
