4105
2
2
17
25
545
41
49
57
65
2
81
89
609
105
113
121
129
2
145
153
673
169
177
185
193
2
209
217
737
233
241
249
257
2
273
281
801
297
305
313
321
2
337
345
865
361
369
377
385
2
401
409
929
425
433
441
449
2
465
473
993
489
497
505
513
2
17
25
545
41
49
57
65
2
81
89
609
105
113
121
129
2
145
153
673
169
177
185
193
2
209
217
737
233
241
249
257
2
273
281
801
297
305
313
321
2
337
345
865
361
369
377
385
2
401
409
929
425
433
441
449
2
465
473
993
489
497
505
513
2
17
25
545
41
49
57
65
2
81
89
609
105
113
121
129
2
145
153
673
169
177
185
193
2
209
217
737
233
241
249
257
2
273
281
801
297
305
313
321
2
337
345
865
361
369
377
385
2
401
409
929
425
433
441
449
2
465
473
993
489
497
505
513
2
17
25
545
41
49
57
65
2
81
89
609
105
113
121
129
2
145
153
673
169
177
185
193
2
209
217
737
233
241
249
257
2
273
281
801
297
305
313
321
2
337
345
865
361
369
377
385
2
401
409
929
425
433
441
449
2
465
473
993
489
497
505
513
2
17
25
545
41
49
57
65
2
81
89
609
105
113
121
129
2
145
153
673
169
177
185
193
2
209
217
737
233
241
249
257
2
273
281
801
297
305
313
321
2
337
345
865
361
369
377
385
2
401
409
929
425
433
441
449
2
465
473
993
489
497
505
513
2
17
25
545
41
49
57
65
2
81
89
609
105
113
121
129
2
145
153
673
169
177
185
193
2
209
217
737
233
241
249
257
2
273
281
801
297
305
313
321
2
337
345
865
361
369
377
385
2
401
409
929
425
433
441
449
2
465
473
993
489
497
505
513
2
17
25
545
41
49
57
65
2
81
89
609
105
113
121
129
2
145
153
673
169
177
185
193
2
209
217
737
233
241
249
257
2
273
281
801
297
305
313
321
2
337
345
865
361
369
377
385
2
401
409
929
425
433
441
449
2
465
473
993
489
497
505
513
2
17
25
545
41
49
57
65
2
81
89
609
105
113
121
129
2
145
153
673
169
177
185
193
2
209
217
737
233
241
249
257
2
273
281
801
297
305
313
321
2
337
345
865
361
369
377
385
2
401
409
929
425
433
441
449
2
465
473
993
489
497
505
513
9
529
537
1057
553
561
569
577
73
593
601
1121
617
625
633
641
137
657
665
1185
681
689
697
705
201
721
729
1249
745
753
761
769
265
785
793
1313
809
817
825
833
329
849
857
1377
873
881
889
897
393
913
921
1441
937
945
953
961
457
977
985
1505
1001
1009
1017
1025
9
529
537
1057
553
561
569
577
73
593
601
1121
617
625
633
641
137
657
665
1185
681
689
697
705
201
721
729
1249
745
753
761
769
265
785
793
1313
809
817
825
833
329
849
857
1377
873
881
889
897
393
913
921
1441
937
945
953
961
457
977
985
1505
1001
1009
1017
1025
9
529
537
1057
553
561
569
577
73
593
601
1121
617
625
633
641
137
657
665
1185
681
689
697
705
201
721
729
1249
745
753
761
769
265
785
793
1313
809
817
825
833
329
849
857
1377
873
881
889
897
393
913
921
1441
937
945
953
961
457
977
985
1505
1001
1009
1017
1025
9
529
537
1057
553
561
569
577
73
593
601
1121
617
625
633
641
137
657
665
1185
681
689
697
705
201
721
729
1249
745
753
761
769
265
785
793
1313
809
817
825
833
329
849
857
1377
873
881
889
897
393
913
921
1441
937
945
953
961
457
977
985
1505
1001
1009
1017
1025
9
529
537
1057
553
561
569
577
73
593
601
1121
617
625
633
641
137
657
665
1185
681
689
697
705
201
721
729
1249
745
753
761
769
265
785
793
1313
809
817
825
833
329
849
857
1377
873
881
889
897
393
913
921
1441
937
945
953
961
457
977
985
1505
1001
1009
1017
1025
9
529
537
1057
553
561
569
577
73
593
601
1121
617
625
633
641
137
657
665
1185
681
689
697
705
201
721
729
1249
745
753
761
769
265
785
793
1313
809
817
825
833
329
849
857
1377
873
881
889
897
393
913
921
1441
937
945
953
961
457
977
985
1505
1001
1009
1017
1025
9
529
537
1057
553
561
569
577
73
593
601
1121
617
625
633
641
137
657
665
1185
681
689
697
705
201
721
729
1249
745
753
761
769
265
785
793
1313
809
817
825
833
329
849
857
1377
873
881
889
897
393
913
921
1441
937
945
953
961
457
977
985
1505
1001
1009
1017
1025
9
529
537
1057
553
561
569
577
73
593
601
1121
617
625
633
641
137
657
665
1185
681
689
697
705
201
721
729
1249
745
753
761
769
265
785
793
1313
809
817
825
833
329
849
857
1377
873
881
889
897
393
913
921
1441
937
945
953
961
457
977
985
1505
1001
1009
1017
1025
521
1041
1049
1569
1065
1073
1081
1089
585
1105
1113
1633
1129
1137
1145
1153
649
1169
1177
1697
1193
1201
1209
1217
713
1233
1241
1761
1257
1265
1273
1281
777
1297
1305
1825
1321
1329
1337
1345
841
1361
1369
1889
1385
1393
1401
1409
905
1425
1433
1953
1449
1457
1465
1473
969
1489
1497
2017
1513
1521
1529
1537
521
1041
1049
1569
1065
1073
1081
1089
585
1105
1113
1633
1129
1137
1145
1153
649
1169
1177
1697
1193
1201
1209
1217
713
1233
1241
1761
1257
1265
1273
1281
777
1297
1305
1825
1321
1329
1337
1345
841
1361
1369
1889
1385
1393
1401
1409
905
1425
1433
1953
1449
1457
1465
1473
969
1489
1497
2017
1513
1521
1529
1537
521
1041
1049
1569
1065
1073
1081
1089
585
1105
1113
1633
1129
1137
1145
1153
649
1169
1177
1697
1193
1201
1209
1217
713
1233
1241
1761
1257
1265
1273
1281
777
1297
1305
1825
1321
1329
1337
1345
841
1361
1369
1889
1385
1393
1401
1409
905
1425
1433
1953
1449
1457
1465
1473
969
1489
1497
2017
1513
1521
1529
1537
521
1041
1049
1569
1065
1073
1081
1089
585
1105
1113
1633
1129
1137
1145
1153
649
1169
1177
1697
1193
1201
1209
1217
713
1233
1241
1761
1257
1265
1273
1281
777
1297
1305
1825
1321
1329
1337
1345
841
1361
1369
1889
1385
1393
1401
1409
905
1425
1433
1953
1449
1457
1465
1473
969
1489
1497
2017
1513
1521
1529
1537
521
1041
1049
1569
1065
1073
1081
1089
585
1105
1113
1633
1129
1137
1145
1153
649
1169
1177
1697
1193
1201
1209
1217
713
1233
1241
1761
1257
1265
1273
1281
777
1297
1305
1825
1321
1329
1337
1345
841
1361
1369
1889
1385
1393
1401
1409
905
1425
1433
1953
1449
1457
1465
1473
969
1489
1497
2017
1513
1521
1529
1537
521
1041
1049
1569
1065
1073
1081
1089
585
1105
1113
1633
1129
1137
1145
1153
649
1169
1177
1697
1193
1201
1209
1217
713
1233
1241
1761
1257
1265
1273
1281
777
1297
1305
1825
1321
1329
1337
1345
841
1361
1369
1889
1385
1393
1401
1409
905
1425
1433
1953
1449
1457
1465
1473
969
1489
1497
2017
1513
1521
1529
1537
521
1041
1049
1569
1065
1073
1081
1089
585
1105
1113
1633
1129
1137
1145
1153
649
1169
1177
1697
1193
1201
1209
1217
713
1233
1241
1761
1257
1265
1273
1281
777
1297
1305
1825
1321
1329
1337
1345
841
1361
1369
1889
1385
1393
1401
1409
905
1425
1433
1953
1449
1457
1465
1473
969
1489
1497
2017
1513
1521
1529
1537
521
1041
1049
1569
1065
1073
1081
1089
585
1105
1113
1633
1129
1137
1145
1153
649
1169
1177
1697
1193
1201
1209
1217
713
1233
1241
1761
1257
1265
1273
1281
777
1297
1305
1825
1321
1329
1337
1345
841
1361
1369
1889
1385
1393
1401
1409
905
1425
1433
1953
1449
1457
1465
1473
969
1489
1497
2017
1513
1521
1529
1537
1033
1553
1561
2081
1577
1585
1593
1601
1097
1617
1625
2145
1641
1649
1657
1665
1161
1681
1689
2209
1705
1713
1721
1729
1225
1745
1753
2273
1769
1777
1785
1793
1289
1809
1817
2337
1833
1841
1849
1857
1353
1873
1881
2401
1897
1905
1913
1921
1417
1937
1945
2465
1961
1969
1977
1985
1481
2001
2009
2529
2025
2033
2041
2049
1033
1553
1561
2081
1577
1585
1593
1601
1097
1617
1625
2145
1641
1649
1657
1665
1161
1681
1689
2209
1705
1713
1721
1729
1225
1745
1753
2273
1769
1777
1785
1793
1289
1809
1817
2337
1833
1841
1849
1857
1353
1873
1881
2401
1897
1905
1913
1921
1417
1937
1945
2465
1961
1969
1977
1985
1481
2001
2009
2529
2025
2033
2041
2049
1033
1553
1561
2081
1577
1585
1593
1601
1097
1617
1625
2145
1641
1649
1657
1665
1161
1681
1689
2209
1705
1713
1721
1729
1225
1745
1753
2273
1769
1777
1785
1793
1289
1809
1817
2337
1833
1841
1849
1857
1353
1873
1881
2401
1897
1905
1913
1921
1417
1937
1945
2465
1961
1969
1977
1985
1481
2001
2009
2529
2025
2033
2041
2049
1033
1553
1561
2081
1577
1585
1593
1601
1097
1617
1625
2145
1641
1649
1657
1665
1161
1681
1689
2209
1705
1713
1721
1729
1225
1745
1753
2273
1769
1777
1785
1793
1289
1809
1817
2337
1833
1841
1849
1857
1353
1873
1881
2401
1897
1905
1913
1921
1417
1937
1945
2465
1961
1969
1977
1985
1481
2001
2009
2529
2025
2033
2041
2049
1033
1553
1561
2081
1577
1585
1593
1601
1097
1617
1625
2145
1641
1649
1657
1665
1161
1681
1689
2209
1705
1713
1721
1729
1225
1745
1753
2273
1769
1777
1785
1793
1289
1809
1817
2337
1833
1841
1849
1857
1353
1873
1881
2401
1897
1905
1913
1921
1417
1937
1945
2465
1961
1969
1977
1985
1481
2001
2009
2529
2025
2033
2041
2049
1033
1553
1561
2081
1577
1585
1593
1601
1097
1617
1625
2145
1641
1649
1657
1665
1161
1681
1689
2209
1705
1713
1721
1729
1225
1745
1753
2273
1769
1777
1785
1793
1289
1809
1817
2337
1833
1841
1849
1857
1353
1873
1881
2401
1897
1905
1913
1921
1417
1937
1945
2465
1961
1969
1977
1985
1481
2001
2009
2529
2025
2033
2041
2049
1033
1553
1561
2081
1577
1585
1593
1601
1097
1617
1625
2145
1641
1649
1657
1665
1161
1681
1689
2209
1705
1713
1721
1729
1225
1745
1753
2273
1769
1777
1785
1793
1289
1809
1817
2337
1833
1841
1849
1857
1353
1873
1881
2401
1897
1905
1913
1921
1417
1937
1945
2465
1961
1969
1977
1985
1481
2001
2009
2529
2025
2033
2041
2049
1033
1553
1561
2081
1577
1585
1593
1601
1097
1617
1625
2145
1641
1649
1657
1665
1161
1681
1689
2209
1705
1713
1721
1729
1225
1745
1753
2273
1769
1777
1785
1793
1289
1809
1817
2337
1833
1841
1849
1857
1353
1873
1881
2401
1897
1905
1913
1921
1417
1937
1945
2465
1961
1969
1977
1985
1481
2001
2009
2529
2025
2033
2041
2049
1545
2065
2073
2593
2089
2097
2105
2113
1609
2129
2137
2657
2153
2161
2169
2177
1673
2193
2201
2721
2217
2225
2233
2241
1737
2257
2265
2785
2281
2289
2297
2305
1801
2321
2329
2849
2345
2353
2361
2369
1865
2385
2393
2913
2409
2417
2425
2433
1929
2449
2457
2977
2473
2481
2489
2497
1993
2513
2521
3041
2537
2545
2553
2561
1545
2065
2073
2593
2089
2097
2105
2113
1609
2129
2137
2657
2153
2161
2169
2177
1673
2193
2201
2721
2217
2225
2233
2241
1737
2257
2265
2785
2281
2289
2297
2305
1801
2321
2329
2849
2345
2353
2361
2369
1865
2385
2393
2913
2409
2417
2425
2433
1929
2449
2457
2977
2473
2481
2489
2497
1993
2513
2521
3041
2537
2545
2553
2561
1545
2065
2073
2593
2089
2097
2105
2113
1609
2129
2137
2657
2153
2161
2169
2177
1673
2193
2201
2721
2217
2225
2233
2241
1737
2257
2265
2785
2281
2289
2297
2305
1801
2321
2329
2849
2345
2353
2361
2369
1865
2385
2393
2913
2409
2417
2425
2433
1929
2449
2457
2977
2473
2481
2489
2497
1993
2513
2521
3041
2537
2545
2553
2561
1545
2065
2073
2593
2089
2097
2105
2113
1609
2129
2137
2657
2153
2161
2169
2177
1673
2193
2201
2721
2217
2225
2233
2241
1737
2257
2265
2785
2281
2289
2297
2305
1801
2321
2329
2849
2345
2353
2361
2369
1865
2385
2393
2913
2409
2417
2425
2433
1929
2449
2457
2977
2473
2481
2489
2497
1993
2513
2521
3041
2537
2545
2553
2561
1545
2065
2073
2593
2089
2097
2105
2113
1609
2129
2137
2657
2153
2161
2169
2177
1673
2193
2201
2721
2217
2225
2233
2241
1737
2257
2265
2785
2281
2289
2297
2305
1801
2321
2329
2849
2345
2353
2361
2369
1865
2385
2393
2913
2409
2417
2425
2433
1929
2449
2457
2977
2473
2481
2489
2497
1993
2513
2521
3041
2537
2545
2553
2561
1545
2065
2073
2593
2089
2097
2105
2113
1609
2129
2137
2657
2153
2161
2169
2177
1673
2193
2201
2721
2217
2225
2233
2241
1737
2257
2265
2785
2281
2289
2297
2305
1801
2321
2329
2849
2345
2353
2361
2369
1865
2385
2393
2913
2409
2417
2425
2433
1929
2449
2457
2977
2473
2481
2489
2497
1993
2513
2521
3041
2537
2545
2553
2561
1545
2065
2073
2593
2089
2097
2105
2113
1609
2129
2137
2657
2153
2161
2169
2177
1673
2193
2201
2721
2217
2225
2233
2241
1737
2257
2265
2785
2281
2289
2297
2305
1801
2321
2329
2849
2345
2353
2361
2369
1865
2385
2393
2913
2409
2417
2425
2433
1929
2449
2457
2977
2473
2481
2489
2497
1993
2513
2521
3041
2537
2545
2553
2561
1545
2065
2073
2593
2089
2097
2105
2113
1609
2129
2137
2657
2153
2161
2169
2177
1673
2193
2201
2721
2217
2225
2233
2241
1737
2257
2265
2785
2281
2289
2297
2305
1801
2321
2329
2849
2345
2353
2361
2369
1865
2385
2393
2913
2409
2417
2425
2433
1929
2449
2457
2977
2473
2481
2489
2497
1993
2513
2521
3041
2537
2545
2553
2561
2057
2577
2585
3105
2601
2609
2617
2625
2121
2641
2649
3169
2665
2673
2681
2689
2185
2705
2713
3233
2729
2737
2745
2753
2249
2769
2777
3297
2793
2801
2809
2817
2313
2833
2841
3361
2857
2865
2873
2881
2377
2897
2905
3425
2921
2929
2937
2945
2441
2961
2969
3489
2985
2993
3001
3009
2505
3025
3033
3553
3049
3057
3065
3073
2057
2577
2585
3105
2601
2609
2617
2625
2121
2641
2649
3169
2665
2673
2681
2689
2185
2705
2713
3233
2729
2737
2745
2753
2249
2769
2777
3297
2793
2801
2809
2817
2313
2833
2841
3361
2857
2865
2873
2881
2377
2897
2905
3425
2921
2929
2937
2945
2441
2961
2969
3489
2985
2993
3001
3009
2505
3025
3033
3553
3049
3057
3065
3073
2057
2577
2585
3105
2601
2609
2617
2625
2121
2641
2649
3169
2665
2673
2681
2689
2185
2705
2713
3233
2729
2737
2745
2753
2249
2769
2777
3297
2793
2801
2809
2817
2313
2833
2841
3361
2857
2865
2873
2881
2377
2897
2905
3425
2921
2929
2937
2945
2441
2961
2969
3489
2985
2993
3001
3009
2505
3025
3033
3553
3049
3057
3065
3073
2057
2577
2585
3105
2601
2609
2617
2625
2121
2641
2649
3169
2665
2673
2681
2689
2185
2705
2713
3233
2729
2737
2745
2753
2249
2769
2777
3297
2793
2801
2809
2817
2313
2833
2841
3361
2857
2865
2873
2881
2377
2897
2905
3425
2921
2929
2937
2945
2441
2961
2969
3489
2985
2993
3001
3009
2505
3025
3033
3553
3049
3057
3065
3073
2057
2577
2585
3105
2601
2609
2617
2625
2121
2641
2649
3169
2665
2673
2681
2689
2185
2705
2713
3233
2729
2737
2745
2753
2249
2769
2777
3297
2793
2801
2809
2817
2313
2833
2841
3361
2857
2865
2873
2881
2377
2897
2905
3425
2921
2929
2937
2945
2441
2961
2969
3489
2985
2993
3001
3009
2505
3025
3033
3553
3049
3057
3065
3073
2057
2577
2585
3105
2601
2609
2617
2625
2121
2641
2649
3169
2665
2673
2681
2689
2185
2705
2713
3233
2729
2737
2745
2753
2249
2769
2777
3297
2793
2801
2809
2817
2313
2833
2841
3361
2857
2865
2873
2881
2377
2897
2905
3425
2921
2929
2937
2945
2441
2961
2969
3489
2985
2993
3001
3009
2505
3025
3033
3553
3049
3057
3065
3073
2057
2577
2585
3105
2601
2609
2617
2625
2121
2641
2649
3169
2665
2673
2681
2689
2185
2705
2713
3233
2729
2737
2745
2753
2249
2769
2777
3297
2793
2801
2809
2817
2313
2833
2841
3361
2857
2865
2873
2881
2377
2897
2905
3425
2921
2929
2937
2945
2441
2961
2969
3489
2985
2993
3001
3009
2505
3025
3033
3553
3049
3057
3065
3073
2057
2577
2585
3105
2601
2609
2617
2625
2121
2641
2649
3169
2665
2673
2681
2689
2185
2705
2713
3233
2729
2737
2745
2753
2249
2769
2777
3297
2793
2801
2809
2817
2313
2833
2841
3361
2857
2865
2873
2881
2377
2897
2905
3425
2921
2929
2937
2945
2441
2961
2969
3489
2985
2993
3001
3009
2505
3025
3033
3553
3049
3057
3065
3073
2569
3089
3097
3617
3113
3121
3129
3137
2633
3153
3161
3681
3177
3185
3193
3201
2697
3217
3225
3745
3241
3249
3257
3265
2761
3281
3289
3809
3305
3313
3321
3329
2825
3345
3353
3873
3369
3377
3385
3393
2889
3409
3417
3937
3433
3441
3449
3457
2953
3473
3481
4001
3497
3505
3513
3521
3017
3537
3545
4065
3561
3569
3577
3585
2569
3089
3097
3617
3113
3121
3129
3137
2633
3153
3161
3681
3177
3185
3193
3201
2697
3217
3225
3745
3241
3249
3257
3265
2761
3281
3289
3809
3305
3313
3321
3329
2825
3345
3353
3873
3369
3377
3385
3393
2889
3409
3417
3937
3433
3441
3449
3457
2953
3473
3481
4001
3497
3505
3513
3521
3017
3537
3545
4065
3561
3569
3577
3585
2569
3089
3097
3617
3113
3121
3129
3137
2633
3153
3161
3681
3177
3185
3193
3201
2697
3217
3225
3745
3241
3249
3257
3265
2761
3281
3289
3809
3305
3313
3321
3329
2825
3345
3353
3873
3369
3377
3385
3393
2889
3409
3417
3937
3433
3441
3449
3457
2953
3473
3481
4001
3497
3505
3513
3521
3017
3537
3545
4065
3561
3569
3577
3585
2569
3089
3097
3617
3113
3121
3129
3137
2633
3153
3161
3681
3177
3185
3193
3201
2697
3217
3225
3745
3241
3249
3257
3265
2761
3281
3289
3809
3305
3313
3321
3329
2825
3345
3353
3873
3369
3377
3385
3393
2889
3409
3417
3937
3433
3441
3449
3457
2953
3473
3481
4001
3497
3505
3513
3521
3017
3537
3545
4065
3561
3569
3577
3585
2569
3089
3097
3617
3113
3121
3129
3137
2633
3153
3161
3681
3177
3185
3193
3201
2697
3217
3225
3745
3241
3249
3257
3265
2761
3281
3289
3809
3305
3313
3321
3329
2825
3345
3353
3873
3369
3377
3385
3393
2889
3409
3417
3937
3433
3441
3449
3457
2953
3473
3481
4001
3497
3505
3513
3521
3017
3537
3545
4065
3561
3569
3577
3585
2569
3089
3097
3617
3113
3121
3129
3137
2633
3153
3161
3681
3177
3185
3193
3201
2697
3217
3225
3745
3241
3249
3257
3265
2761
3281
3289
3809
3305
3313
3321
3329
2825
3345
3353
3873
3369
3377
3385
3393
2889
3409
3417
3937
3433
3441
3449
3457
2953
3473
3481
4001
3497
3505
3513
3521
3017
3537
3545
4065
3561
3569
3577
3585
2569
3089
3097
3617
3113
3121
3129
3137
2633
3153
3161
3681
3177
3185
3193
3201
2697
3217
3225
3745
3241
3249
3257
3265
2761
3281
3289
3809
3305
3313
3321
3329
2825
3345
3353
3873
3369
3377
3385
3393
2889
3409
3417
3937
3433
3441
3449
3457
2953
3473
3481
4001
3497
3505
3513
3521
3017
3537
3545
4065
3561
3569
3577
3585
2569
3089
3097
3617
3113
3121
3129
3137
2633
3153
3161
3681
3177
3185
3193
3201
2697
3217
3225
3745
3241
3249
3257
3265
2761
3281
3289
3809
3305
3313
3321
3329
2825
3345
3353
3873
3369
3377
3385
3393
2889
3409
3417
3937
3433
3441
3449
3457
2953
3473
3481
4001
3497
3505
3513
3521
3017
3537
3545
4065
3561
3569
3577
3585
3081
3601
3609
2
3625
3633
3641
3649
3145
3665
3673
2
3689
3697
3705
3713
3209
3729
3737
2
3753
3761
3769
3777
3273
3793
3801
2
3817
3825
3833
3841
3337
3857
3865
2
3881
3889
3897
3905
3401
3921
3929
2
3945
3953
3961
3969
3465
3985
3993
2
4009
4017
4025
4033
3529
4049
4057
2
4073
4081
4089
4097
3081
3601
3609
2
3625
3633
3641
3649
3145
3665
3673
2
3689
3697
3705
3713
3209
3729
3737
2
3753
3761
3769
3777
3273
3793
3801
2
3817
3825
3833
3841
3337
3857
3865
2
3881
3889
3897
3905
3401
3921
3929
2
3945
3953
3961
3969
3465
3985
3993
2
4009
4017
4025
4033
3529
4049
4057
2
4073
4081
4089
4097
3081
3601
3609
2
3625
3633
3641
3649
3145
3665
3673
2
3689
3697
3705
3713
3209
3729
3737
2
3753
3761
3769
3777
3273
3793
3801
2
3817
3825
3833
3841
3337
3857
3865
2
3881
3889
3897
3905
3401
3921
3929
2
3945
3953
3961
3969
3465
3985
3993
2
4009
4017
4025
4033
3529
4049
4057
2
4073
4081
4089
4097
3081
3601
3609
2
3625
3633
3641
3649
3145
3665
3673
2
3689
3697
3705
3713
3209
3729
3737
2
3753
3761
3769
3777
3273
3793
3801
2
3817
3825
3833
3841
3337
3857
3865
2
3881
3889
3897
3905
3401
3921
3929
2
3945
3953
3961
3969
3465
3985
3993
2
4009
4017
4025
4033
3529
4049
4057
2
4073
4081
4089
4097
3081
3601
3609
2
3625
3633
3641
3649
3145
3665
3673
2
3689
3697
3705
3713
3209
3729
3737
2
3753
3761
3769
3777
3273
3793
3801
2
3817
3825
3833
3841
3337
3857
3865
2
3881
3889
3897
3905
3401
3921
3929
2
3945
3953
3961
3969
3465
3985
3993
2
4009
4017
4025
4033
3529
4049
4057
2
4073
4081
4089
4097
3081
3601
3609
2
3625
3633
3641
3649
3145
3665
3673
2
3689
3697
3705
3713
3209
3729
3737
2
3753
3761
3769
3777
3273
3793
3801
2
3817
3825
3833
3841
3337
3857
3865
2
3881
3889
3897
3905
3401
3921
3929
2
3945
3953
3961
3969
3465
3985
3993
2
4009
4017
4025
4033
3529
4049
4057
2
4073
4081
4089
4097
3081
3601
3609
2
3625
3633
3641
3649
3145
3665
3673
2
3689
3697
3705
3713
3209
3729
3737
2
3753
3761
3769
3777
3273
3793
3801
2
3817
3825
3833
3841
3337
3857
3865
2
3881
3889
3897
3905
3401
3921
3929
2
3945
3953
3961
3969
3465
3985
3993
2
4009
4017
4025
4033
3529
4049
4057
2
4073
4081
4089
4097
3081
3601
3609
2
3625
3633
3641
3649
3145
3665
3673
2
3689
3697
3705
3713
3209
3729
3737
2
3753
3761
3769
3777
3273
3793
3801
2
3817
3825
3833
3841
3337
3857
3865
2
3881
3889
3897
3905
3401
3921
3929
2
3945
3953
3961
3969
3465
3985
3993
2
4009
4017
4025
4033
3529
4049
4057
2
4073
4081
4089
4097
4113
4185
4193
4265
4209
4217
4225
4233
1033
1553
1561
2081
1577
1585
1593
1601
1097
1617
1625
2145
1641
1649
1657
1665
1161
1681
1689
2209
1705
1713
1721
1729
1225
1745
1753
2273
1769
1777
1785
1793
1289
1809
1817
2337
1833
1841
1849
1857
1353
1873
1881
2401
1897
1905
1913
1921
1417
1937
1945
2465
1961
1969
1977
1985
1481
2001
2009
2529
2025
2033
2041
2049
1545
2065
2073
2593
2089
2097
2105
2113
1609
2129
2137
2657
2153
2161
2169
2177
1673
2193
2201
2721
2217
2225
2233
2241
1737
2257
2265
2785
2281
2289
2297
2305
1801
2321
2329
2849
2345
2353
2361
2369
1865
2385
2393
2913
2409
2417
2425
2433
1929
2449
2457
2977
2473
2481
2489
2497
1993
2513
2521
3041
2537
2545
2553
2561
2057
2577
2585
3105
2601
2609
2617
2625
2121
2641
2649
3169
2665
2673
2681
2689
2185
2705
2713
3233
2729
2737
2745
2753
2249
2769
2777
3297
2793
2801
2809
2817
2313
2833
2841
3361
2857
2865
2873
2881
2377
2897
2905
3425
2921
2929
2937
2945
2441
2961
2969
3489
2985
2993
3001
3009
2505
3025
3033
3553
3049
3057
3065
3073
