4106
2
2
18
26
546
42
50
58
66
2
82
90
610
106
114
122
130
2
146
154
674
170
178
186
194
2
210
218
738
234
242
250
258
2
274
282
802
298
306
314
322
2
338
346
866
362
370
378
386
2
402
410
930
426
434
442
450
2
466
474
994
490
498
506
514
2
18
26
546
42
50
58
66
2
82
90
610
106
114
122
130
2
146
154
674
170
178
186
194
2
210
218
738
234
242
250
258
2
274
282
802
298
306
314
322
2
338
346
866
362
370
378
386
2
402
410
930
426
434
442
450
2
466
474
994
490
498
506
514
2
18
26
546
42
50
58
66
2
82
90
610
106
114
122
130
2
146
154
674
170
178
186
194
2
210
218
738
234
242
250
258
2
274
282
802
298
306
314
322
2
338
346
866
362
370
378
386
2
402
410
930
426
434
442
450
2
466
474
994
490
498
506
514
2
18
26
546
42
50
58
66
2
82
90
610
106
114
122
130
2
146
154
674
170
178
186
194
2
210
218
738
234
242
250
258
2
274
282
802
298
306
314
322
2
338
346
866
362
370
378
386
2
402
410
930
426
434
442
450
2
466
474
994
490
498
506
514
2
18
26
546
42
50
58
66
2
82
90
610
106
114
122
130
2
146
154
674
170
178
186
194
2
210
218
738
234
242
250
258
2
274
282
802
298
306
314
322
2
338
346
866
362
370
378
386
2
402
410
930
426
434
442
450
2
466
474
994
490
498
506
514
2
18
26
546
42
50
58
66
2
82
90
610
106
114
122
130
2
146
154
674
170
178
186
194
2
210
218
738
234
242
250
258
2
274
282
802
298
306
314
322
2
338
346
866
362
370
378
386
2
402
410
930
426
434
442
450
2
466
474
994
490
498
506
514
2
18
26
546
42
50
58
66
2
82
90
610
106
114
122
130
2
146
154
674
170
178
186
194
2
210
218
738
234
242
250
258
2
274
282
802
298
306
314
322
2
338
346
866
362
370
378
386
2
402
410
930
426
434
442
450
2
466
474
994
490
498
506
514
2
18
26
546
42
50
58
66
2
82
90
610
106
114
122
130
2
146
154
674
170
178
186
194
2
210
218
738
234
242
250
258
2
274
282
802
298
306
314
322
2
338
346
866
362
370
378
386
2
402
410
930
426
434
442
450
2
466
474
994
490
498
506
514
10
530
538
1058
554
562
570
578
74
594
602
1122
618
626
634
642
138
658
666
1186
682
690
698
706
202
722
730
1250
746
754
762
770
266
786
794
1314
810
818
826
834
330
850
858
1378
874
882
890
898
394
914
922
1442
938
946
954
962
458
978
986
1506
1002
1010
1018
1026
10
530
538
1058
554
562
570
578
74
594
602
1122
618
626
634
642
138
658
666
1186
682
690
698
706
202
722
730
1250
746
754
762
770
266
786
794
1314
810
818
826
834
330
850
858
1378
874
882
890
898
394
914
922
1442
938
946
954
962
458
978
986
1506
1002
1010
1018
1026
10
530
538
1058
554
562
570
578
74
594
602
1122
618
626
634
642
138
658
666
1186
682
690
698
706
202
722
730
1250
746
754
762
770
266
786
794
1314
810
818
826
834
330
850
858
1378
874
882
890
898
394
914
922
1442
938
946
954
962
458
978
986
1506
1002
1010
1018
1026
10
530
538
1058
554
562
570
578
74
594
602
1122
618
626
634
642
138
658
666
1186
682
690
698
706
202
722
730
1250
746
754
762
770
266
786
794
1314
810
818
826
834
330
850
858
1378
874
882
890
898
394
914
922
1442
938
946
954
962
458
978
986
1506
1002
1010
1018
1026
10
530
538
1058
554
562
570
578
74
594
602
1122
618
626
634
642
138
658
666
1186
682
690
698
706
202
722
730
1250
746
754
762
770
266
786
794
1314
810
818
826
834
330
850
858
1378
874
882
890
898
394
914
922
1442
938
946
954
962
458
978
986
1506
1002
1010
1018
1026
10
530
538
1058
554
562
570
578
74
594
602
1122
618
626
634
642
138
658
666
1186
682
690
698
706
202
722
730
1250
746
754
762
770
266
786
794
1314
810
818
826
834
330
850
858
1378
874
882
890
898
394
914
922
1442
938
946
954
962
458
978
986
1506
1002
1010
1018
1026
10
530
538
1058
554
562
570
578
74
594
602
1122
618
626
634
642
138
658
666
1186
682
690
698
706
202
722
730
1250
746
754
762
770
266
786
794
1314
810
818
826
834
330
850
858
1378
874
882
890
898
394
914
922
1442
938
946
954
962
458
978
986
1506
1002
1010
1018
1026
10
530
538
1058
554
562
570
578
74
594
602
1122
618
626
634
642
138
658
666
1186
682
690
698
706
202
722
730
1250
746
754
762
770
266
786
794
1314
810
818
826
834
330
850
858
1378
874
882
890
898
394
914
922
1442
938
946
954
962
458
978
986
1506
1002
1010
1018
1026
522
1042
1050
1570
1066
1074
1082
1090
586
1106
1114
1634
1130
1138
1146
1154
650
1170
1178
1698
1194
1202
1210
1218
714
1234
1242
1762
1258
1266
1274
1282
778
1298
1306
1826
1322
1330
1338
1346
842
1362
1370
1890
1386
1394
1402
1410
906
1426
1434
1954
1450
1458
1466
1474
970
1490
1498
2018
1514
1522
1530
1538
522
1042
1050
1570
1066
1074
1082
1090
586
1106
1114
1634
1130
1138
1146
1154
650
1170
1178
1698
1194
1202
1210
1218
714
1234
1242
1762
1258
1266
1274
1282
778
1298
1306
1826
1322
1330
1338
1346
842
1362
1370
1890
1386
1394
1402
1410
906
1426
1434
1954
1450
1458
1466
1474
970
1490
1498
2018
1514
1522
1530
1538
522
1042
1050
1570
1066
1074
1082
1090
586
1106
1114
1634
1130
1138
1146
1154
650
1170
1178
1698
1194
1202
1210
1218
714
1234
1242
1762
1258
1266
1274
1282
778
1298
1306
1826
1322
1330
1338
1346
842
1362
1370
1890
1386
1394
1402
1410
906
1426
1434
1954
1450
1458
1466
1474
970
1490
1498
2018
1514
1522
1530
1538
522
1042
1050
1570
1066
1074
1082
1090
586
1106
1114
1634
1130
1138
1146
1154
650
1170
1178
1698
1194
1202
1210
1218
714
1234
1242
1762
1258
1266
1274
1282
778
1298
1306
1826
1322
1330
1338
1346
842
1362
1370
1890
1386
1394
1402
1410
906
1426
1434
1954
1450
1458
1466
1474
970
1490
1498
2018
1514
1522
1530
1538
522
1042
1050
1570
1066
1074
1082
1090
586
1106
1114
1634
1130
1138
1146
1154
650
1170
1178
1698
1194
1202
1210
1218
714
1234
1242
1762
1258
1266
1274
1282
778
1298
1306
1826
1322
1330
1338
1346
842
1362
1370
1890
1386
1394
1402
1410
906
1426
1434
1954
1450
1458
1466
1474
970
1490
1498
2018
1514
1522
1530
1538
522
1042
1050
1570
1066
1074
1082
1090
586
1106
1114
1634
1130
1138
1146
1154
650
1170
1178
1698
1194
1202
1210
1218
714
1234
1242
1762
1258
1266
1274
1282
778
1298
1306
1826
1322
1330
1338
1346
842
1362
1370
1890
1386
1394
1402
1410
906
1426
1434
1954
1450
1458
1466
1474
970
1490
1498
2018
1514
1522
1530
1538
522
1042
1050
1570
1066
1074
1082
1090
586
1106
1114
1634
1130
1138
1146
1154
650
1170
1178
1698
1194
1202
1210
1218
714
1234
1242
1762
1258
1266
1274
1282
778
1298
1306
1826
1322
1330
1338
1346
842
1362
1370
1890
1386
1394
1402
1410
906
1426
1434
1954
1450
1458
1466
1474
970
1490
1498
2018
1514
1522
1530
1538
522
1042
1050
1570
1066
1074
1082
1090
586
1106
1114
1634
1130
1138
1146
1154
650
1170
1178
1698
1194
1202
1210
1218
714
1234
1242
1762
1258
1266
1274
1282
778
1298
1306
1826
1322
1330
1338
1346
842
1362
1370
1890
1386
1394
1402
1410
906
1426
1434
1954
1450
1458
1466
1474
970
1490
1498
2018
1514
1522
1530
1538
1034
1554
1562
2082
1578
1586
1594
1602
1098
1618
1626
2146
1642
1650
1658
1666
1162
1682
1690
2210
1706
1714
1722
1730
1226
1746
1754
2274
1770
1778
1786
1794
1290
1810
1818
2338
1834
1842
1850
1858
1354
1874
1882
2402
1898
1906
1914
1922
1418
1938
1946
2466
1962
1970
1978
1986
1482
2002
2010
2530
2026
2034
2042
2050
1034
1554
1562
2082
1578
1586
1594
1602
1098
1618
1626
2146
1642
1650
1658
1666
1162
1682
1690
2210
1706
1714
1722
1730
1226
1746
1754
2274
1770
1778
1786
1794
1290
1810
1818
2338
1834
1842
1850
1858
1354
1874
1882
2402
1898
1906
1914
1922
1418
1938
1946
2466
1962
1970
1978
1986
1482
2002
2010
2530
2026
2034
2042
2050
1034
1554
1562
2082
1578
1586
1594
1602
1098
1618
1626
2146
1642
1650
1658
1666
1162
1682
1690
2210
1706
1714
1722
1730
1226
1746
1754
2274
1770
1778
1786
1794
1290
1810
1818
2338
1834
1842
1850
1858
1354
1874
1882
2402
1898
1906
1914
1922
1418
1938
1946
2466
1962
1970
1978
1986
1482
2002
2010
2530
2026
2034
2042
2050
1034
1554
1562
2082
1578
1586
1594
1602
1098
1618
1626
2146
1642
1650
1658
1666
1162
1682
1690
2210
1706
1714
1722
1730
1226
1746
1754
2274
1770
1778
1786
1794
1290
1810
1818
2338
1834
1842
1850
1858
1354
1874
1882
2402
1898
1906
1914
1922
1418
1938
1946
2466
1962
1970
1978
1986
1482
2002
2010
2530
2026
2034
2042
2050
1034
1554
1562
2082
1578
1586
1594
1602
1098
1618
1626
2146
1642
1650
1658
1666
1162
1682
1690
2210
1706
1714
1722
1730
1226
1746
1754
2274
1770
1778
1786
1794
1290
1810
1818
2338
1834
1842
1850
1858
1354
1874
1882
2402
1898
1906
1914
1922
1418
1938
1946
2466
1962
1970
1978
1986
1482
2002
2010
2530
2026
2034
2042
2050
1034
1554
1562
2082
1578
1586
1594
1602
1098
1618
1626
2146
1642
1650
1658
1666
1162
1682
1690
2210
1706
1714
1722
1730
1226
1746
1754
2274
1770
1778
1786
1794
1290
1810
1818
2338
1834
1842
1850
1858
1354
1874
1882
2402
1898
1906
1914
1922
1418
1938
1946
2466
1962
1970
1978
1986
1482
2002
2010
2530
2026
2034
2042
2050
1034
1554
1562
2082
1578
1586
1594
1602
1098
1618
1626
2146
1642
1650
1658
1666
1162
1682
1690
2210
1706
1714
1722
1730
1226
1746
1754
2274
1770
1778
1786
1794
1290
1810
1818
2338
1834
1842
1850
1858
1354
1874
1882
2402
1898
1906
1914
1922
1418
1938
1946
2466
1962
1970
1978
1986
1482
2002
2010
2530
2026
2034
2042
2050
1034
1554
1562
2082
1578
1586
1594
1602
1098
1618
1626
2146
1642
1650
1658
1666
1162
1682
1690
2210
1706
1714
1722
1730
1226
1746
1754
2274
1770
1778
1786
1794
1290
1810
1818
2338
1834
1842
1850
1858
1354
1874
1882
2402
1898
1906
1914
1922
1418
1938
1946
2466
1962
1970
1978
1986
1482
2002
2010
2530
2026
2034
2042
2050
1546
2066
2074
2594
2090
2098
2106
2114
1610
2130
2138
2658
2154
2162
2170
2178
1674
2194
2202
2722
2218
2226
2234
2242
1738
2258
2266
2786
2282
2290
2298
2306
1802
2322
2330
2850
2346
2354
2362
2370
1866
2386
2394
2914
2410
2418
2426
2434
1930
2450
2458
2978
2474
2482
2490
2498
1994
2514
2522
3042
2538
2546
2554
2562
1546
2066
2074
2594
2090
2098
2106
2114
1610
2130
2138
2658
2154
2162
2170
2178
1674
2194
2202
2722
2218
2226
2234
2242
1738
2258
2266
2786
2282
2290
2298
2306
1802
2322
2330
2850
2346
2354
2362
2370
1866
2386
2394
2914
2410
2418
2426
2434
1930
2450
2458
2978
2474
2482
2490
2498
1994
2514
2522
3042
2538
2546
2554
2562
1546
2066
2074
2594
2090
2098
2106
2114
1610
2130
2138
2658
2154
2162
2170
2178
1674
2194
2202
2722
2218
2226
2234
2242
1738
2258
2266
2786
2282
2290
2298
2306
1802
2322
2330
2850
2346
2354
2362
2370
1866
2386
2394
2914
2410
2418
2426
2434
1930
2450
2458
2978
2474
2482
2490
2498
1994
2514
2522
3042
2538
2546
2554
2562
1546
2066
2074
2594
2090
2098
2106
2114
1610
2130
2138
2658
2154
2162
2170
2178
1674
2194
2202
2722
2218
2226
2234
2242
1738
2258
2266
2786
2282
2290
2298
2306
1802
2322
2330
2850
2346
2354
2362
2370
1866
2386
2394
2914
2410
2418
2426
2434
1930
2450
2458
2978
2474
2482
2490
2498
1994
2514
2522
3042
2538
2546
2554
2562
1546
2066
2074
2594
2090
2098
2106
2114
1610
2130
2138
2658
2154
2162
2170
2178
1674
2194
2202
2722
2218
2226
2234
2242
1738
2258
2266
2786
2282
2290
2298
2306
1802
2322
2330
2850
2346
2354
2362
2370
1866
2386
2394
2914
2410
2418
2426
2434
1930
2450
2458
2978
2474
2482
2490
2498
1994
2514
2522
3042
2538
2546
2554
2562
1546
2066
2074
2594
2090
2098
2106
2114
1610
2130
2138
2658
2154
2162
2170
2178
1674
2194
2202
2722
2218
2226
2234
2242
1738
2258
2266
2786
2282
2290
2298
2306
1802
2322
2330
2850
2346
2354
2362
2370
1866
2386
2394
2914
2410
2418
2426
2434
1930
2450
2458
2978
2474
2482
2490
2498
1994
2514
2522
3042
2538
2546
2554
2562
1546
2066
2074
2594
2090
2098
2106
2114
1610
2130
2138
2658
2154
2162
2170
2178
1674
2194
2202
2722
2218
2226
2234
2242
1738
2258
2266
2786
2282
2290
2298
2306
1802
2322
2330
2850
2346
2354
2362
2370
1866
2386
2394
2914
2410
2418
2426
2434
1930
2450
2458
2978
2474
2482
2490
2498
1994
2514
2522
3042
2538
2546
2554
2562
1546
2066
2074
2594
2090
2098
2106
2114
1610
2130
2138
2658
2154
2162
2170
2178
1674
2194
2202
2722
2218
2226
2234
2242
1738
2258
2266
2786
2282
2290
2298
2306
1802
2322
2330
2850
2346
2354
2362
2370
1866
2386
2394
2914
2410
2418
2426
2434
1930
2450
2458
2978
2474
2482
2490
2498
1994
2514
2522
3042
2538
2546
2554
2562
2058
2578
2586
3106
2602
2610
2618
2626
2122
2642
2650
3170
2666
2674
2682
2690
2186
2706
2714
3234
2730
2738
2746
2754
2250
2770
2778
3298
2794
2802
2810
2818
2314
2834
2842
3362
2858
2866
2874
2882
2378
2898
2906
3426
2922
2930
2938
2946
2442
2962
2970
3490
2986
2994
3002
3010
2506
3026
3034
3554
3050
3058
3066
3074
2058
2578
2586
3106
2602
2610
2618
2626
2122
2642
2650
3170
2666
2674
2682
2690
2186
2706
2714
3234
2730
2738
2746
2754
2250
2770
2778
3298
2794
2802
2810
2818
2314
2834
2842
3362
2858
2866
2874
2882
2378
2898
2906
3426
2922
2930
2938
2946
2442
2962
2970
3490
2986
2994
3002
3010
2506
3026
3034
3554
3050
3058
3066
3074
2058
2578
2586
3106
2602
2610
2618
2626
2122
2642
2650
3170
2666
2674
2682
2690
2186
2706
2714
3234
2730
2738
2746
2754
2250
2770
2778
3298
2794
2802
2810
2818
2314
2834
2842
3362
2858
2866
2874
2882
2378
2898
2906
3426
2922
2930
2938
2946
2442
2962
2970
3490
2986
2994
3002
3010
2506
3026
3034
3554
3050
3058
3066
3074
2058
2578
2586
3106
2602
2610
2618
2626
2122
2642
2650
3170
2666
2674
2682
2690
2186
2706
2714
3234
2730
2738
2746
2754
2250
2770
2778
3298
2794
2802
2810
2818
2314
2834
2842
3362
2858
2866
2874
2882
2378
2898
2906
3426
2922
2930
2938
2946
2442
2962
2970
3490
2986
2994
3002
3010
2506
3026
3034
3554
3050
3058
3066
3074
2058
2578
2586
3106
2602
2610
2618
2626
2122
2642
2650
3170
2666
2674
2682
2690
2186
2706
2714
3234
2730
2738
2746
2754
2250
2770
2778
3298
2794
2802
2810
2818
2314
2834
2842
3362
2858
2866
2874
2882
2378
2898
2906
3426
2922
2930
2938
2946
2442
2962
2970
3490
2986
2994
3002
3010
2506
3026
3034
3554
3050
3058
3066
3074
2058
2578
2586
3106
2602
2610
2618
2626
2122
2642
2650
3170
2666
2674
2682
2690
2186
2706
2714
3234
2730
2738
2746
2754
2250
2770
2778
3298
2794
2802
2810
2818
2314
2834
2842
3362
2858
2866
2874
2882
2378
2898
2906
3426
2922
2930
2938
2946
2442
2962
2970
3490
2986
2994
3002
3010
2506
3026
3034
3554
3050
3058
3066
3074
2058
2578
2586
3106
2602
2610
2618
2626
2122
2642
2650
3170
2666
2674
2682
2690
2186
2706
2714
3234
2730
2738
2746
2754
2250
2770
2778
3298
2794
2802
2810
2818
2314
2834
2842
3362
2858
2866
2874
2882
2378
2898
2906
3426
2922
2930
2938
2946
2442
2962
2970
3490
2986
2994
3002
3010
2506
3026
3034
3554
3050
3058
3066
3074
2058
2578
2586
3106
2602
2610
2618
2626
2122
2642
2650
3170
2666
2674
2682
2690
2186
2706
2714
3234
2730
2738
2746
2754
2250
2770
2778
3298
2794
2802
2810
2818
2314
2834
2842
3362
2858
2866
2874
2882
2378
2898
2906
3426
2922
2930
2938
2946
2442
2962
2970
3490
2986
2994
3002
3010
2506
3026
3034
3554
3050
3058
3066
3074
2570
3090
3098
3618
3114
3122
3130
3138
2634
3154
3162
3682
3178
3186
3194
3202
2698
3218
3226
3746
3242
3250
3258
3266
2762
3282
3290
3810
3306
3314
3322
3330
2826
3346
3354
3874
3370
3378
3386
3394
2890
3410
3418
3938
3434
3442
3450
3458
2954
3474
3482
4002
3498
3506
3514
3522
3018
3538
3546
4066
3562
3570
3578
3586
2570
3090
3098
3618
3114
3122
3130
3138
2634
3154
3162
3682
3178
3186
3194
3202
2698
3218
3226
3746
3242
3250
3258
3266
2762
3282
3290
3810
3306
3314
3322
3330
2826
3346
3354
3874
3370
3378
3386
3394
2890
3410
3418
3938
3434
3442
3450
3458
2954
3474
3482
4002
3498
3506
3514
3522
3018
3538
3546
4066
3562
3570
3578
3586
2570
3090
3098
3618
3114
3122
3130
3138
2634
3154
3162
3682
3178
3186
3194
3202
2698
3218
3226
3746
3242
3250
3258
3266
2762
3282
3290
3810
3306
3314
3322
3330
2826
3346
3354
3874
3370
3378
3386
3394
2890
3410
3418
3938
3434
3442
3450
3458
2954
3474
3482
4002
3498
3506
3514
3522
3018
3538
3546
4066
3562
3570
3578
3586
2570
3090
3098
3618
3114
3122
3130
3138
2634
3154
3162
3682
3178
3186
3194
3202
2698
3218
3226
3746
3242
3250
3258
3266
2762
3282
3290
3810
3306
3314
3322
3330
2826
3346
3354
3874
3370
3378
3386
3394
2890
3410
3418
3938
3434
3442
3450
3458
2954
3474
3482
4002
3498
3506
3514
3522
3018
3538
3546
4066
3562
3570
3578
3586
2570
3090
3098
3618
3114
3122
3130
3138
2634
3154
3162
3682
3178
3186
3194
3202
2698
3218
3226
3746
3242
3250
3258
3266
2762
3282
3290
3810
3306
3314
3322
3330
2826
3346
3354
3874
3370
3378
3386
3394
2890
3410
3418
3938
3434
3442
3450
3458
2954
3474
3482
4002
3498
3506
3514
3522
3018
3538
3546
4066
3562
3570
3578
3586
2570
3090
3098
3618
3114
3122
3130
3138
2634
3154
3162
3682
3178
3186
3194
3202
2698
3218
3226
3746
3242
3250
3258
3266
2762
3282
3290
3810
3306
3314
3322
3330
2826
3346
3354
3874
3370
3378
3386
3394
2890
3410
3418
3938
3434
3442
3450
3458
2954
3474
3482
4002
3498
3506
3514
3522
3018
3538
3546
4066
3562
3570
3578
3586
2570
3090
3098
3618
3114
3122
3130
3138
2634
3154
3162
3682
3178
3186
3194
3202
2698
3218
3226
3746
3242
3250
3258
3266
2762
3282
3290
3810
3306
3314
3322
3330
2826
3346
3354
3874
3370
3378
3386
3394
2890
3410
3418
3938
3434
3442
3450
3458
2954
3474
3482
4002
3498
3506
3514
3522
3018
3538
3546
4066
3562
3570
3578
3586
2570
3090
3098
3618
3114
3122
3130
3138
2634
3154
3162
3682
3178
3186
3194
3202
2698
3218
3226
3746
3242
3250
3258
3266
2762
3282
3290
3810
3306
3314
3322
3330
2826
3346
3354
3874
3370
3378
3386
3394
2890
3410
3418
3938
3434
3442
3450
3458
2954
3474
3482
4002
3498
3506
3514
3522
3018
3538
3546
4066
3562
3570
3578
3586
3082
3602
3610
2
3626
3634
3642
3650
3146
3666
3674
2
3690
3698
3706
3714
3210
3730
3738
2
3754
3762
3770
3778
3274
3794
3802
2
3818
3826
3834
3842
3338
3858
3866
2
3882
3890
3898
3906
3402
3922
3930
2
3946
3954
3962
3970
3466
3986
3994
2
4010
4018
4026
4034
3530
4050
4058
2
4074
4082
4090
4098
3082
3602
3610
2
3626
3634
3642
3650
3146
3666
3674
2
3690
3698
3706
3714
3210
3730
3738
2
3754
3762
3770
3778
3274
3794
3802
2
3818
3826
3834
3842
3338
3858
3866
2
3882
3890
3898
3906
3402
3922
3930
2
3946
3954
3962
3970
3466
3986
3994
2
4010
4018
4026
4034
3530
4050
4058
2
4074
4082
4090
4098
3082
3602
3610
2
3626
3634
3642
3650
3146
3666
3674
2
3690
3698
3706
3714
3210
3730
3738
2
3754
3762
3770
3778
3274
3794
3802
2
3818
3826
3834
3842
3338
3858
3866
2
3882
3890
3898
3906
3402
3922
3930
2
3946
3954
3962
3970
3466
3986
3994
2
4010
4018
4026
4034
3530
4050
4058
2
4074
4082
4090
4098
3082
3602
3610
2
3626
3634
3642
3650
3146
3666
3674
2
3690
3698
3706
3714
3210
3730
3738
2
3754
3762
3770
3778
3274
3794
3802
2
3818
3826
3834
3842
3338
3858
3866
2
3882
3890
3898
3906
3402
3922
3930
2
3946
3954
3962
3970
3466
3986
3994
2
4010
4018
4026
4034
3530
4050
4058
2
4074
4082
4090
4098
3082
3602
3610
2
3626
3634
3642
3650
3146
3666
3674
2
3690
3698
3706
3714
3210
3730
3738
2
3754
3762
3770
3778
3274
3794
3802
2
3818
3826
3834
3842
3338
3858
3866
2
3882
3890
3898
3906
3402
3922
3930
2
3946
3954
3962
3970
3466
3986
3994
2
4010
4018
4026
4034
3530
4050
4058
2
4074
4082
4090
4098
3082
3602
3610
2
3626
3634
3642
3650
3146
3666
3674
2
3690
3698
3706
3714
3210
3730
3738
2
3754
3762
3770
3778
3274
3794
3802
2
3818
3826
3834
3842
3338
3858
3866
2
3882
3890
3898
3906
3402
3922
3930
2
3946
3954
3962
3970
3466
3986
3994
2
4010
4018
4026
4034
3530
4050
4058
2
4074
4082
4090
4098
3082
3602
3610
2
3626
3634
3642
3650
3146
3666
3674
2
3690
3698
3706
3714
3210
3730
3738
2
3754
3762
3770
3778
3274
3794
3802
2
3818
3826
3834
3842
3338
3858
3866
2
3882
3890
3898
3906
3402
3922
3930
2
3946
3954
3962
3970
3466
3986
3994
2
4010
4018
4026
4034
3530
4050
4058
2
4074
4082
4090
4098
3082
3602
3610
2
3626
3634
3642
3650
3146
3666
3674
2
3690
3698
3706
3714
3210
3730
3738
2
3754
3762
3770
3778
3274
3794
3802
2
3818
3826
3834
3842
3338
3858
3866
2
3882
3890
3898
3906
3402
3922
3930
2
3946
3954
3962
3970
3466
3986
3994
2
4010
4018
4026
4034
3530
4050
4058
2
4074
4082
4090
4098
4114
4186
4194
4266
4210
4218
4226
4234
1034
1554
1562
2082
1578
1586
1594
1602
1098
1618
1626
2146
1642
1650
1658
1666
1162
1682
1690
2210
1706
1714
1722
1730
1226
1746
1754
2274
1770
1778
1786
1794
1290
1810
1818
2338
1834
1842
1850
1858
1354
1874
1882
2402
1898
1906
1914
1922
1418
1938
1946
2466
1962
1970
1978
1986
1482
2002
2010
2530
2026
2034
2042
2050
1546
2066
2074
2594
2090
2098
2106
2114
1610
2130
2138
2658
2154
2162
2170
2178
1674
2194
2202
2722
2218
2226
2234
2242
1738
2258
2266
2786
2282
2290
2298
2306
1802
2322
2330
2850
2346
2354
2362
2370
1866
2386
2394
2914
2410
2418
2426
2434
1930
2450
2458
2978
2474
2482
2490
2498
1994
2514
2522
3042
2538
2546
2554
2562
2058
2578
2586
3106
2602
2610
2618
2626
2122
2642
2650
3170
2666
2674
2682
2690
2186
2706
2714
3234
2730
2738
2746
2754
2250
2770
2778
3298
2794
2802
2810
2818
2314
2834
2842
3362
2858
2866
2874
2882
2378
2898
2906
3426
2922
2930
2938
2946
2442
2962
2970
3490
2986
2994
3002
3010
2506
3026
3034
3554
3050
3058
3066
3074
