4105	4106	
2	
2	
17	18	
25	26	
545	546	
41	42	
49	50	
57	58	
65	66	
2	
81	82	
89	90	
609	610	
105	106	
113	114	
121	122	
129	130	
2	
145	146	
153	154	
673	674	
169	170	
177	178	
185	186	
193	194	
2	
209	210	
217	218	
737	738	
233	234	
241	242	
249	250	
257	258	
2	
273	274	
281	282	
801	802	
297	298	
305	306	
313	314	
321	322	
2	
337	338	
345	346	
865	866	
361	362	
369	370	
377	378	
385	386	
2	
401	402	
409	410	
929	930	
425	426	
433	434	
441	442	
449	450	
2	
465	466	
473	474	
993	994	
489	490	
497	498	
505	506	
513	514	
2	
17	18	
25	26	
545	546	
41	42	
49	50	
57	58	
65	66	
2	
81	82	
89	90	
609	610	
105	106	
113	114	
121	122	
129	130	
2	
145	146	
153	154	
673	674	
169	170	
177	178	
185	186	
193	194	
2	
209	210	
217	218	
737	738	
233	234	
241	242	
249	250	
257	258	
2	
273	274	
281	282	
801	802	
297	298	
305	306	
313	314	
321	322	
2	
337	338	
345	346	
865	866	
361	362	
369	370	
377	378	
385	386	
2	
401	402	
409	410	
929	930	
425	426	
433	434	
441	442	
449	450	
2	
465	466	
473	474	
993	994	
489	490	
497	498	
505	506	
513	514	
2	
17	18	
25	26	
545	546	
41	42	
49	50	
57	58	
65	66	
2	
81	82	
89	90	
609	610	
105	106	
113	114	
121	122	
129	130	
2	
145	146	
153	154	
673	674	
169	170	
177	178	
185	186	
193	194	
2	
209	210	
217	218	
737	738	
233	234	
241	242	
249	250	
257	258	
2	
273	274	
281	282	
801	802	
297	298	
305	306	
313	314	
321	322	
2	
337	338	
345	346	
865	866	
361	362	
369	370	
377	378	
385	386	
2	
401	402	
409	410	
929	930	
425	426	
433	434	
441	442	
449	450	
2	
465	466	
473	474	
993	994	
489	490	
497	498	
505	506	
513	514	
2	
17	18	
25	26	
545	546	
41	42	
49	50	
57	58	
65	66	
2	
81	82	
89	90	
609	610	
105	106	
113	114	
121	122	
129	130	
2	
145	146	
153	154	
673	674	
169	170	
177	178	
185	186	
193	194	
2	
209	210	
217	218	
737	738	
233	234	
241	242	
249	250	
257	258	
2	
273	274	
281	282	
801	802	
297	298	
305	306	
313	314	
321	322	
2	
337	338	
345	346	
865	866	
361	362	
369	370	
377	378	
385	386	
2	
401	402	
409	410	
929	930	
425	426	
433	434	
441	442	
449	450	
2	
465	466	
473	474	
993	994	
489	490	
497	498	
505	506	
513	514	
2	
17	18	
25	26	
545	546	
41	42	
49	50	
57	58	
65	66	
2	
81	82	
89	90	
609	610	
105	106	
113	114	
121	122	
129	130	
2	
145	146	
153	154	
673	674	
169	170	
177	178	
185	186	
193	194	
2	
209	210	
217	218	
737	738	
233	234	
241	242	
249	250	
257	258	
2	
273	274	
281	282	
801	802	
297	298	
305	306	
313	314	
321	322	
2	
337	338	
345	346	
865	866	
361	362	
369	370	
377	378	
385	386	
2	
401	402	
409	410	
929	930	
425	426	
433	434	
441	442	
449	450	
2	
465	466	
473	474	
993	994	
489	490	
497	498	
505	506	
513	514	
2	
17	18	
25	26	
545	546	
41	42	
49	50	
57	58	
65	66	
2	
81	82	
89	90	
609	610	
105	106	
113	114	
121	122	
129	130	
2	
145	146	
153	154	
673	674	
169	170	
177	178	
185	186	
193	194	
2	
209	210	
217	218	
737	738	
233	234	
241	242	
249	250	
257	258	
2	
273	274	
281	282	
801	802	
297	298	
305	306	
313	314	
321	322	
2	
337	338	
345	346	
865	866	
361	362	
369	370	
377	378	
385	386	
2	
401	402	
409	410	
929	930	
425	426	
433	434	
441	442	
449	450	
2	
465	466	
473	474	
993	994	
489	490	
497	498	
505	506	
513	514	
2	
17	18	
25	26	
545	546	
41	42	
49	50	
57	58	
65	66	
2	
81	82	
89	90	
609	610	
105	106	
113	114	
121	122	
129	130	
2	
145	146	
153	154	
673	674	
169	170	
177	178	
185	186	
193	194	
2	
209	210	
217	218	
737	738	
233	234	
241	242	
249	250	
257	258	
2	
273	274	
281	282	
801	802	
297	298	
305	306	
313	314	
321	322	
2	
337	338	
345	346	
865	866	
361	362	
369	370	
377	378	
385	386	
2	
401	402	
409	410	
929	930	
425	426	
433	434	
441	442	
449	450	
2	
465	466	
473	474	
993	994	
489	490	
497	498	
505	506	
513	514	
2	
17	18	
25	26	
545	546	
41	42	
49	50	
57	58	
65	66	
2	
81	82	
89	90	
609	610	
105	106	
113	114	
121	122	
129	130	
2	
145	146	
153	154	
673	674	
169	170	
177	178	
185	186	
193	194	
2	
209	210	
217	218	
737	738	
233	234	
241	242	
249	250	
257	258	
2	
273	274	
281	282	
801	802	
297	298	
305	306	
313	314	
321	322	
2	
337	338	
345	346	
865	866	
361	362	
369	370	
377	378	
385	386	
2	
401	402	
409	410	
929	930	
425	426	
433	434	
441	442	
449	450	
2	
465	466	
473	474	
993	994	
489	490	
497	498	
505	506	
513	514	
9	10	
529	530	
537	538	
1057	1058	
553	554	
561	562	
569	570	
577	578	
73	74	
593	594	
601	602	
1121	1122	
617	618	
625	626	
633	634	
641	642	
137	138	
657	658	
665	666	
1185	1186	
681	682	
689	690	
697	698	
705	706	
201	202	
721	722	
729	730	
1249	1250	
745	746	
753	754	
761	762	
769	770	
265	266	
785	786	
793	794	
1313	1314	
809	810	
817	818	
825	826	
833	834	
329	330	
849	850	
857	858	
1377	1378	
873	874	
881	882	
889	890	
897	898	
393	394	
913	914	
921	922	
1441	1442	
937	938	
945	946	
953	954	
961	962	
457	458	
977	978	
985	986	
1505	1506	
1001	1002	
1009	1010	
1017	1018	
1025	1026	
9	10	
529	530	
537	538	
1057	1058	
553	554	
561	562	
569	570	
577	578	
73	74	
593	594	
601	602	
1121	1122	
617	618	
625	626	
633	634	
641	642	
137	138	
657	658	
665	666	
1185	1186	
681	682	
689	690	
697	698	
705	706	
201	202	
721	722	
729	730	
1249	1250	
745	746	
753	754	
761	762	
769	770	
265	266	
785	786	
793	794	
1313	1314	
809	810	
817	818	
825	826	
833	834	
329	330	
849	850	
857	858	
1377	1378	
873	874	
881	882	
889	890	
897	898	
393	394	
913	914	
921	922	
1441	1442	
937	938	
945	946	
953	954	
961	962	
457	458	
977	978	
985	986	
1505	1506	
1001	1002	
1009	1010	
1017	1018	
1025	1026	
9	10	
529	530	
537	538	
1057	1058	
553	554	
561	562	
569	570	
577	578	
73	74	
593	594	
601	602	
1121	1122	
617	618	
625	626	
633	634	
641	642	
137	138	
657	658	
665	666	
1185	1186	
681	682	
689	690	
697	698	
705	706	
201	202	
721	722	
729	730	
1249	1250	
745	746	
753	754	
761	762	
769	770	
265	266	
785	786	
793	794	
1313	1314	
809	810	
817	818	
825	826	
833	834	
329	330	
849	850	
857	858	
1377	1378	
873	874	
881	882	
889	890	
897	898	
393	394	
913	914	
921	922	
1441	1442	
937	938	
945	946	
953	954	
961	962	
457	458	
977	978	
985	986	
1505	1506	
1001	1002	
1009	1010	
1017	1018	
1025	1026	
9	10	
529	530	
537	538	
1057	1058	
553	554	
561	562	
569	570	
577	578	
73	74	
593	594	
601	602	
1121	1122	
617	618	
625	626	
633	634	
641	642	
137	138	
657	658	
665	666	
1185	1186	
681	682	
689	690	
697	698	
705	706	
201	202	
721	722	
729	730	
1249	1250	
745	746	
753	754	
761	762	
769	770	
265	266	
785	786	
793	794	
1313	1314	
809	810	
817	818	
825	826	
833	834	
329	330	
849	850	
857	858	
1377	1378	
873	874	
881	882	
889	890	
897	898	
393	394	
913	914	
921	922	
1441	1442	
937	938	
945	946	
953	954	
961	962	
457	458	
977	978	
985	986	
1505	1506	
1001	1002	
1009	1010	
1017	1018	
1025	1026	
9	10	
529	530	
537	538	
1057	1058	
553	554	
561	562	
569	570	
577	578	
73	74	
593	594	
601	602	
1121	1122	
617	618	
625	626	
633	634	
641	642	
137	138	
657	658	
665	666	
1185	1186	
681	682	
689	690	
697	698	
705	706	
201	202	
721	722	
729	730	
1249	1250	
745	746	
753	754	
761	762	
769	770	
265	266	
785	786	
793	794	
1313	1314	
809	810	
817	818	
825	826	
833	834	
329	330	
849	850	
857	858	
1377	1378	
873	874	
881	882	
889	890	
897	898	
393	394	
913	914	
921	922	
1441	1442	
937	938	
945	946	
953	954	
961	962	
457	458	
977	978	
985	986	
1505	1506	
1001	1002	
1009	1010	
1017	1018	
1025	1026	
9	10	
529	530	
537	538	
1057	1058	
553	554	
561	562	
569	570	
577	578	
73	74	
593	594	
601	602	
1121	1122	
617	618	
625	626	
633	634	
641	642	
137	138	
657	658	
665	666	
1185	1186	
681	682	
689	690	
697	698	
705	706	
201	202	
721	722	
729	730	
1249	1250	
745	746	
753	754	
761	762	
769	770	
265	266	
785	786	
793	794	
1313	1314	
809	810	
817	818	
825	826	
833	834	
329	330	
849	850	
857	858	
1377	1378	
873	874	
881	882	
889	890	
897	898	
393	394	
913	914	
921	922	
1441	1442	
937	938	
945	946	
953	954	
961	962	
457	458	
977	978	
985	986	
1505	1506	
1001	1002	
1009	1010	
1017	1018	
1025	1026	
9	10	
529	530	
537	538	
1057	1058	
553	554	
561	562	
569	570	
577	578	
73	74	
593	594	
601	602	
1121	1122	
617	618	
625	626	
633	634	
641	642	
137	138	
657	658	
665	666	
1185	1186	
681	682	
689	690	
697	698	
705	706	
201	202	
721	722	
729	730	
1249	1250	
745	746	
753	754	
761	762	
769	770	
265	266	
785	786	
793	794	
1313	1314	
809	810	
817	818	
825	826	
833	834	
329	330	
849	850	
857	858	
1377	1378	
873	874	
881	882	
889	890	
897	898	
393	394	
913	914	
921	922	
1441	1442	
937	938	
945	946	
953	954	
961	962	
457	458	
977	978	
985	986	
1505	1506	
1001	1002	
1009	1010	
1017	1018	
1025	1026	
9	10	
529	530	
537	538	
1057	1058	
553	554	
561	562	
569	570	
577	578	
73	74	
593	594	
601	602	
1121	1122	
617	618	
625	626	
633	634	
641	642	
137	138	
657	658	
665	666	
1185	1186	
681	682	
689	690	
697	698	
705	706	
201	202	
721	722	
729	730	
1249	1250	
745	746	
753	754	
761	762	
769	770	
265	266	
785	786	
793	794	
1313	1314	
809	810	
817	818	
825	826	
833	834	
329	330	
849	850	
857	858	
1377	1378	
873	874	
881	882	
889	890	
897	898	
393	394	
913	914	
921	922	
1441	1442	
937	938	
945	946	
953	954	
961	962	
457	458	
977	978	
985	986	
1505	1506	
1001	1002	
1009	1010	
1017	1018	
1025	1026	
521	522	
1041	1042	
1049	1050	
1569	1570	
1065	1066	
1073	1074	
1081	1082	
1089	1090	
585	586	
1105	1106	
1113	1114	
1633	1634	
1129	1130	
1137	1138	
1145	1146	
1153	1154	
649	650	
1169	1170	
1177	1178	
1697	1698	
1193	1194	
1201	1202	
1209	1210	
1217	1218	
713	714	
1233	1234	
1241	1242	
1761	1762	
1257	1258	
1265	1266	
1273	1274	
1281	1282	
777	778	
1297	1298	
1305	1306	
1825	1826	
1321	1322	
1329	1330	
1337	1338	
1345	1346	
841	842	
1361	1362	
1369	1370	
1889	1890	
1385	1386	
1393	1394	
1401	1402	
1409	1410	
905	906	
1425	1426	
1433	1434	
1953	1954	
1449	1450	
1457	1458	
1465	1466	
1473	1474	
969	970	
1489	1490	
1497	1498	
2017	2018	
1513	1514	
1521	1522	
1529	1530	
1537	1538	
521	522	
1041	1042	
1049	1050	
1569	1570	
1065	1066	
1073	1074	
1081	1082	
1089	1090	
585	586	
1105	1106	
1113	1114	
1633	1634	
1129	1130	
1137	1138	
1145	1146	
1153	1154	
649	650	
1169	1170	
1177	1178	
1697	1698	
1193	1194	
1201	1202	
1209	1210	
1217	1218	
713	714	
1233	1234	
1241	1242	
1761	1762	
1257	1258	
1265	1266	
1273	1274	
1281	1282	
777	778	
1297	1298	
1305	1306	
1825	1826	
1321	1322	
1329	1330	
1337	1338	
1345	1346	
841	842	
1361	1362	
1369	1370	
1889	1890	
1385	1386	
1393	1394	
1401	1402	
1409	1410	
905	906	
1425	1426	
1433	1434	
1953	1954	
1449	1450	
1457	1458	
1465	1466	
1473	1474	
969	970	
1489	1490	
1497	1498	
2017	2018	
1513	1514	
1521	1522	
1529	1530	
1537	1538	
521	522	
1041	1042	
1049	1050	
1569	1570	
1065	1066	
1073	1074	
1081	1082	
1089	1090	
585	586	
1105	1106	
1113	1114	
1633	1634	
1129	1130	
1137	1138	
1145	1146	
1153	1154	
649	650	
1169	1170	
1177	1178	
1697	1698	
1193	1194	
1201	1202	
1209	1210	
1217	1218	
713	714	
1233	1234	
1241	1242	
1761	1762	
1257	1258	
1265	1266	
1273	1274	
1281	1282	
777	778	
1297	1298	
1305	1306	
1825	1826	
1321	1322	
1329	1330	
1337	1338	
1345	1346	
841	842	
1361	1362	
1369	1370	
1889	1890	
1385	1386	
1393	1394	
1401	1402	
1409	1410	
905	906	
1425	1426	
1433	1434	
1953	1954	
1449	1450	
1457	1458	
1465	1466	
1473	1474	
969	970	
1489	1490	
1497	1498	
2017	2018	
1513	1514	
1521	1522	
1529	1530	
1537	1538	
521	522	
1041	1042	
1049	1050	
1569	1570	
1065	1066	
1073	1074	
1081	1082	
1089	1090	
585	586	
1105	1106	
1113	1114	
1633	1634	
1129	1130	
1137	1138	
1145	1146	
1153	1154	
649	650	
1169	1170	
1177	1178	
1697	1698	
1193	1194	
1201	1202	
1209	1210	
1217	1218	
713	714	
1233	1234	
1241	1242	
1761	1762	
1257	1258	
1265	1266	
1273	1274	
1281	1282	
777	778	
1297	1298	
1305	1306	
1825	1826	
1321	1322	
1329	1330	
1337	1338	
1345	1346	
841	842	
1361	1362	
1369	1370	
1889	1890	
1385	1386	
1393	1394	
1401	1402	
1409	1410	
905	906	
1425	1426	
1433	1434	
1953	1954	
1449	1450	
1457	1458	
1465	1466	
1473	1474	
969	970	
1489	1490	
1497	1498	
2017	2018	
1513	1514	
1521	1522	
1529	1530	
1537	1538	
521	522	
1041	1042	
1049	1050	
1569	1570	
1065	1066	
1073	1074	
1081	1082	
1089	1090	
585	586	
1105	1106	
1113	1114	
1633	1634	
1129	1130	
1137	1138	
1145	1146	
1153	1154	
649	650	
1169	1170	
1177	1178	
1697	1698	
1193	1194	
1201	1202	
1209	1210	
1217	1218	
713	714	
1233	1234	
1241	1242	
1761	1762	
1257	1258	
1265	1266	
1273	1274	
1281	1282	
777	778	
1297	1298	
1305	1306	
1825	1826	
1321	1322	
1329	1330	
1337	1338	
1345	1346	
841	842	
1361	1362	
1369	1370	
1889	1890	
1385	1386	
1393	1394	
1401	1402	
1409	1410	
905	906	
1425	1426	
1433	1434	
1953	1954	
1449	1450	
1457	1458	
1465	1466	
1473	1474	
969	970	
1489	1490	
1497	1498	
2017	2018	
1513	1514	
1521	1522	
1529	1530	
1537	1538	
521	522	
1041	1042	
1049	1050	
1569	1570	
1065	1066	
1073	1074	
1081	1082	
1089	1090	
585	586	
1105	1106	
1113	1114	
1633	1634	
1129	1130	
1137	1138	
1145	1146	
1153	1154	
649	650	
1169	1170	
1177	1178	
1697	1698	
1193	1194	
1201	1202	
1209	1210	
1217	1218	
713	714	
1233	1234	
1241	1242	
1761	1762	
1257	1258	
1265	1266	
1273	1274	
1281	1282	
777	778	
1297	1298	
1305	1306	
1825	1826	
1321	1322	
1329	1330	
1337	1338	
1345	1346	
841	842	
1361	1362	
1369	1370	
1889	1890	
1385	1386	
1393	1394	
1401	1402	
1409	1410	
905	906	
1425	1426	
1433	1434	
1953	1954	
1449	1450	
1457	1458	
1465	1466	
1473	1474	
969	970	
1489	1490	
1497	1498	
2017	2018	
1513	1514	
1521	1522	
1529	1530	
1537	1538	
521	522	
1041	1042	
1049	1050	
1569	1570	
1065	1066	
1073	1074	
1081	1082	
1089	1090	
585	586	
1105	1106	
1113	1114	
1633	1634	
1129	1130	
1137	1138	
1145	1146	
1153	1154	
649	650	
1169	1170	
1177	1178	
1697	1698	
1193	1194	
1201	1202	
1209	1210	
1217	1218	
713	714	
1233	1234	
1241	1242	
1761	1762	
1257	1258	
1265	1266	
1273	1274	
1281	1282	
777	778	
1297	1298	
1305	1306	
1825	1826	
1321	1322	
1329	1330	
1337	1338	
1345	1346	
841	842	
1361	1362	
1369	1370	
1889	1890	
1385	1386	
1393	1394	
1401	1402	
1409	1410	
905	906	
1425	1426	
1433	1434	
1953	1954	
1449	1450	
1457	1458	
1465	1466	
1473	1474	
969	970	
1489	1490	
1497	1498	
2017	2018	
1513	1514	
1521	1522	
1529	1530	
1537	1538	
521	522	
1041	1042	
1049	1050	
1569	1570	
1065	1066	
1073	1074	
1081	1082	
1089	1090	
585	586	
1105	1106	
1113	1114	
1633	1634	
1129	1130	
1137	1138	
1145	1146	
1153	1154	
649	650	
1169	1170	
1177	1178	
1697	1698	
1193	1194	
1201	1202	
1209	1210	
1217	1218	
713	714	
1233	1234	
1241	1242	
1761	1762	
1257	1258	
1265	1266	
1273	1274	
1281	1282	
777	778	
1297	1298	
1305	1306	
1825	1826	
1321	1322	
1329	1330	
1337	1338	
1345	1346	
841	842	
1361	1362	
1369	1370	
1889	1890	
1385	1386	
1393	1394	
1401	1402	
1409	1410	
905	906	
1425	1426	
1433	1434	
1953	1954	
1449	1450	
1457	1458	
1465	1466	
1473	1474	
969	970	
1489	1490	
1497	1498	
2017	2018	
1513	1514	
1521	1522	
1529	1530	
1537	1538	
1033	1034	
1553	1554	
1561	1562	
2081	2082	
1577	1578	
1585	1586	
1593	1594	
1601	1602	
1097	1098	
1617	1618	
1625	1626	
2145	2146	
1641	1642	
1649	1650	
1657	1658	
1665	1666	
1161	1162	
1681	1682	
1689	1690	
2209	2210	
1705	1706	
1713	1714	
1721	1722	
1729	1730	
1225	1226	
1745	1746	
1753	1754	
2273	2274	
1769	1770	
1777	1778	
1785	1786	
1793	1794	
1289	1290	
1809	1810	
1817	1818	
2337	2338	
1833	1834	
1841	1842	
1849	1850	
1857	1858	
1353	1354	
1873	1874	
1881	1882	
2401	2402	
1897	1898	
1905	1906	
1913	1914	
1921	1922	
1417	1418	
1937	1938	
1945	1946	
2465	2466	
1961	1962	
1969	1970	
1977	1978	
1985	1986	
1481	1482	
2001	2002	
2009	2010	
2529	2530	
2025	2026	
2033	2034	
2041	2042	
2049	2050	
1033	1034	
1553	1554	
1561	1562	
2081	2082	
1577	1578	
1585	1586	
1593	1594	
1601	1602	
1097	1098	
1617	1618	
1625	1626	
2145	2146	
1641	1642	
1649	1650	
1657	1658	
1665	1666	
1161	1162	
1681	1682	
1689	1690	
2209	2210	
1705	1706	
1713	1714	
1721	1722	
1729	1730	
1225	1226	
1745	1746	
1753	1754	
2273	2274	
1769	1770	
1777	1778	
1785	1786	
1793	1794	
1289	1290	
1809	1810	
1817	1818	
2337	2338	
1833	1834	
1841	1842	
1849	1850	
1857	1858	
1353	1354	
1873	1874	
1881	1882	
2401	2402	
1897	1898	
1905	1906	
1913	1914	
1921	1922	
1417	1418	
1937	1938	
1945	1946	
2465	2466	
1961	1962	
1969	1970	
1977	1978	
1985	1986	
1481	1482	
2001	2002	
2009	2010	
2529	2530	
2025	2026	
2033	2034	
2041	2042	
2049	2050	
1033	1034	
1553	1554	
1561	1562	
2081	2082	
1577	1578	
1585	1586	
1593	1594	
1601	1602	
1097	1098	
1617	1618	
1625	1626	
2145	2146	
1641	1642	
1649	1650	
1657	1658	
1665	1666	
1161	1162	
1681	1682	
1689	1690	
2209	2210	
1705	1706	
1713	1714	
1721	1722	
1729	1730	
1225	1226	
1745	1746	
1753	1754	
2273	2274	
1769	1770	
1777	1778	
1785	1786	
1793	1794	
1289	1290	
1809	1810	
1817	1818	
2337	2338	
1833	1834	
1841	1842	
1849	1850	
1857	1858	
1353	1354	
1873	1874	
1881	1882	
2401	2402	
1897	1898	
1905	1906	
1913	1914	
1921	1922	
1417	1418	
1937	1938	
1945	1946	
2465	2466	
1961	1962	
1969	1970	
1977	1978	
1985	1986	
1481	1482	
2001	2002	
2009	2010	
2529	2530	
2025	2026	
2033	2034	
2041	2042	
2049	2050	
1033	1034	
1553	1554	
1561	1562	
2081	2082	
1577	1578	
1585	1586	
1593	1594	
1601	1602	
1097	1098	
1617	1618	
1625	1626	
2145	2146	
1641	1642	
1649	1650	
1657	1658	
1665	1666	
1161	1162	
1681	1682	
1689	1690	
2209	2210	
1705	1706	
1713	1714	
1721	1722	
1729	1730	
1225	1226	
1745	1746	
1753	1754	
2273	2274	
1769	1770	
1777	1778	
1785	1786	
1793	1794	
1289	1290	
1809	1810	
1817	1818	
2337	2338	
1833	1834	
1841	1842	
1849	1850	
1857	1858	
1353	1354	
1873	1874	
1881	1882	
2401	2402	
1897	1898	
1905	1906	
1913	1914	
1921	1922	
1417	1418	
1937	1938	
1945	1946	
2465	2466	
1961	1962	
1969	1970	
1977	1978	
1985	1986	
1481	1482	
2001	2002	
2009	2010	
2529	2530	
2025	2026	
2033	2034	
2041	2042	
2049	2050	
1033	1034	
1553	1554	
1561	1562	
2081	2082	
1577	1578	
1585	1586	
1593	1594	
1601	1602	
1097	1098	
1617	1618	
1625	1626	
2145	2146	
1641	1642	
1649	1650	
1657	1658	
1665	1666	
1161	1162	
1681	1682	
1689	1690	
2209	2210	
1705	1706	
1713	1714	
1721	1722	
1729	1730	
1225	1226	
1745	1746	
1753	1754	
2273	2274	
1769	1770	
1777	1778	
1785	1786	
1793	1794	
1289	1290	
1809	1810	
1817	1818	
2337	2338	
1833	1834	
1841	1842	
1849	1850	
1857	1858	
1353	1354	
1873	1874	
1881	1882	
2401	2402	
1897	1898	
1905	1906	
1913	1914	
1921	1922	
1417	1418	
1937	1938	
1945	1946	
2465	2466	
1961	1962	
1969	1970	
1977	1978	
1985	1986	
1481	1482	
2001	2002	
2009	2010	
2529	2530	
2025	2026	
2033	2034	
2041	2042	
2049	2050	
1033	1034	
1553	1554	
1561	1562	
2081	2082	
1577	1578	
1585	1586	
1593	1594	
1601	1602	
1097	1098	
1617	1618	
1625	1626	
2145	2146	
1641	1642	
1649	1650	
1657	1658	
1665	1666	
1161	1162	
1681	1682	
1689	1690	
2209	2210	
1705	1706	
1713	1714	
1721	1722	
1729	1730	
1225	1226	
1745	1746	
1753	1754	
2273	2274	
1769	1770	
1777	1778	
1785	1786	
1793	1794	
1289	1290	
1809	1810	
1817	1818	
2337	2338	
1833	1834	
1841	1842	
1849	1850	
1857	1858	
1353	1354	
1873	1874	
1881	1882	
2401	2402	
1897	1898	
1905	1906	
1913	1914	
1921	1922	
1417	1418	
1937	1938	
1945	1946	
2465	2466	
1961	1962	
1969	1970	
1977	1978	
1985	1986	
1481	1482	
2001	2002	
2009	2010	
2529	2530	
2025	2026	
2033	2034	
2041	2042	
2049	2050	
1033	1034	
1553	1554	
1561	1562	
2081	2082	
1577	1578	
1585	1586	
1593	1594	
1601	1602	
1097	1098	
1617	1618	
1625	1626	
2145	2146	
1641	1642	
1649	1650	
1657	1658	
1665	1666	
1161	1162	
1681	1682	
1689	1690	
2209	2210	
1705	1706	
1713	1714	
1721	1722	
1729	1730	
1225	1226	
1745	1746	
1753	1754	
2273	2274	
1769	1770	
1777	1778	
1785	1786	
1793	1794	
1289	1290	
1809	1810	
1817	1818	
2337	2338	
1833	1834	
1841	1842	
1849	1850	
1857	1858	
1353	1354	
1873	1874	
1881	1882	
2401	2402	
1897	1898	
1905	1906	
1913	1914	
1921	1922	
1417	1418	
1937	1938	
1945	1946	
2465	2466	
1961	1962	
1969	1970	
1977	1978	
1985	1986	
1481	1482	
2001	2002	
2009	2010	
2529	2530	
2025	2026	
2033	2034	
2041	2042	
2049	2050	
1033	1034	
1553	1554	
1561	1562	
2081	2082	
1577	1578	
1585	1586	
1593	1594	
1601	1602	
1097	1098	
1617	1618	
1625	1626	
2145	2146	
1641	1642	
1649	1650	
1657	1658	
1665	1666	
1161	1162	
1681	1682	
1689	1690	
2209	2210	
1705	1706	
1713	1714	
1721	1722	
1729	1730	
1225	1226	
1745	1746	
1753	1754	
2273	2274	
1769	1770	
1777	1778	
1785	1786	
1793	1794	
1289	1290	
1809	1810	
1817	1818	
2337	2338	
1833	1834	
1841	1842	
1849	1850	
1857	1858	
1353	1354	
1873	1874	
1881	1882	
2401	2402	
1897	1898	
1905	1906	
1913	1914	
1921	1922	
1417	1418	
1937	1938	
1945	1946	
2465	2466	
1961	1962	
1969	1970	
1977	1978	
1985	1986	
1481	1482	
2001	2002	
2009	2010	
2529	2530	
2025	2026	
2033	2034	
2041	2042	
2049	2050	
1545	1546	
2065	2066	
2073	2074	
2593	2594	
2089	2090	
2097	2098	
2105	2106	
2113	2114	
1609	1610	
2129	2130	
2137	2138	
2657	2658	
2153	2154	
2161	2162	
2169	2170	
2177	2178	
1673	1674	
2193	2194	
2201	2202	
2721	2722	
2217	2218	
2225	2226	
2233	2234	
2241	2242	
1737	1738	
2257	2258	
2265	2266	
2785	2786	
2281	2282	
2289	2290	
2297	2298	
2305	2306	
1801	1802	
2321	2322	
2329	2330	
2849	2850	
2345	2346	
2353	2354	
2361	2362	
2369	2370	
1865	1866	
2385	2386	
2393	2394	
2913	2914	
2409	2410	
2417	2418	
2425	2426	
2433	2434	
1929	1930	
2449	2450	
2457	2458	
2977	2978	
2473	2474	
2481	2482	
2489	2490	
2497	2498	
1993	1994	
2513	2514	
2521	2522	
3041	3042	
2537	2538	
2545	2546	
2553	2554	
2561	2562	
1545	1546	
2065	2066	
2073	2074	
2593	2594	
2089	2090	
2097	2098	
2105	2106	
2113	2114	
1609	1610	
2129	2130	
2137	2138	
2657	2658	
2153	2154	
2161	2162	
2169	2170	
2177	2178	
1673	1674	
2193	2194	
2201	2202	
2721	2722	
2217	2218	
2225	2226	
2233	2234	
2241	2242	
1737	1738	
2257	2258	
2265	2266	
2785	2786	
2281	2282	
2289	2290	
2297	2298	
2305	2306	
1801	1802	
2321	2322	
2329	2330	
2849	2850	
2345	2346	
2353	2354	
2361	2362	
2369	2370	
1865	1866	
2385	2386	
2393	2394	
2913	2914	
2409	2410	
2417	2418	
2425	2426	
2433	2434	
1929	1930	
2449	2450	
2457	2458	
2977	2978	
2473	2474	
2481	2482	
2489	2490	
2497	2498	
1993	1994	
2513	2514	
2521	2522	
3041	3042	
2537	2538	
2545	2546	
2553	2554	
2561	2562	
1545	1546	
2065	2066	
2073	2074	
2593	2594	
2089	2090	
2097	2098	
2105	2106	
2113	2114	
1609	1610	
2129	2130	
2137	2138	
2657	2658	
2153	2154	
2161	2162	
2169	2170	
2177	2178	
1673	1674	
2193	2194	
2201	2202	
2721	2722	
2217	2218	
2225	2226	
2233	2234	
2241	2242	
1737	1738	
2257	2258	
2265	2266	
2785	2786	
2281	2282	
2289	2290	
2297	2298	
2305	2306	
1801	1802	
2321	2322	
2329	2330	
2849	2850	
2345	2346	
2353	2354	
2361	2362	
2369	2370	
1865	1866	
2385	2386	
2393	2394	
2913	2914	
2409	2410	
2417	2418	
2425	2426	
2433	2434	
1929	1930	
2449	2450	
2457	2458	
2977	2978	
2473	2474	
2481	2482	
2489	2490	
2497	2498	
1993	1994	
2513	2514	
2521	2522	
3041	3042	
2537	2538	
2545	2546	
2553	2554	
2561	2562	
1545	1546	
2065	2066	
2073	2074	
2593	2594	
2089	2090	
2097	2098	
2105	2106	
2113	2114	
1609	1610	
2129	2130	
2137	2138	
2657	2658	
2153	2154	
2161	2162	
2169	2170	
2177	2178	
1673	1674	
2193	2194	
2201	2202	
2721	2722	
2217	2218	
2225	2226	
2233	2234	
2241	2242	
1737	1738	
2257	2258	
2265	2266	
2785	2786	
2281	2282	
2289	2290	
2297	2298	
2305	2306	
1801	1802	
2321	2322	
2329	2330	
2849	2850	
2345	2346	
2353	2354	
2361	2362	
2369	2370	
1865	1866	
2385	2386	
2393	2394	
2913	2914	
2409	2410	
2417	2418	
2425	2426	
2433	2434	
1929	1930	
2449	2450	
2457	2458	
2977	2978	
2473	2474	
2481	2482	
2489	2490	
2497	2498	
1993	1994	
2513	2514	
2521	2522	
3041	3042	
2537	2538	
2545	2546	
2553	2554	
2561	2562	
1545	1546	
2065	2066	
2073	2074	
2593	2594	
2089	2090	
2097	2098	
2105	2106	
2113	2114	
1609	1610	
2129	2130	
2137	2138	
2657	2658	
2153	2154	
2161	2162	
2169	2170	
2177	2178	
1673	1674	
2193	2194	
2201	2202	
2721	2722	
2217	2218	
2225	2226	
2233	2234	
2241	2242	
1737	1738	
2257	2258	
2265	2266	
2785	2786	
2281	2282	
2289	2290	
2297	2298	
2305	2306	
1801	1802	
2321	2322	
2329	2330	
2849	2850	
2345	2346	
2353	2354	
2361	2362	
2369	2370	
1865	1866	
2385	2386	
2393	2394	
2913	2914	
2409	2410	
2417	2418	
2425	2426	
2433	2434	
1929	1930	
2449	2450	
2457	2458	
2977	2978	
2473	2474	
2481	2482	
2489	2490	
2497	2498	
1993	1994	
2513	2514	
2521	2522	
3041	3042	
2537	2538	
2545	2546	
2553	2554	
2561	2562	
1545	1546	
2065	2066	
2073	2074	
2593	2594	
2089	2090	
2097	2098	
2105	2106	
2113	2114	
1609	1610	
2129	2130	
2137	2138	
2657	2658	
2153	2154	
2161	2162	
2169	2170	
2177	2178	
1673	1674	
2193	2194	
2201	2202	
2721	2722	
2217	2218	
2225	2226	
2233	2234	
2241	2242	
1737	1738	
2257	2258	
2265	2266	
2785	2786	
2281	2282	
2289	2290	
2297	2298	
2305	2306	
1801	1802	
2321	2322	
2329	2330	
2849	2850	
2345	2346	
2353	2354	
2361	2362	
2369	2370	
1865	1866	
2385	2386	
2393	2394	
2913	2914	
2409	2410	
2417	2418	
2425	2426	
2433	2434	
1929	1930	
2449	2450	
2457	2458	
2977	2978	
2473	2474	
2481	2482	
2489	2490	
2497	2498	
1993	1994	
2513	2514	
2521	2522	
3041	3042	
2537	2538	
2545	2546	
2553	2554	
2561	2562	
1545	1546	
2065	2066	
2073	2074	
2593	2594	
2089	2090	
2097	2098	
2105	2106	
2113	2114	
1609	1610	
2129	2130	
2137	2138	
2657	2658	
2153	2154	
2161	2162	
2169	2170	
2177	2178	
1673	1674	
2193	2194	
2201	2202	
2721	2722	
2217	2218	
2225	2226	
2233	2234	
2241	2242	
1737	1738	
2257	2258	
2265	2266	
2785	2786	
2281	2282	
2289	2290	
2297	2298	
2305	2306	
1801	1802	
2321	2322	
2329	2330	
2849	2850	
2345	2346	
2353	2354	
2361	2362	
2369	2370	
1865	1866	
2385	2386	
2393	2394	
2913	2914	
2409	2410	
2417	2418	
2425	2426	
2433	2434	
1929	1930	
2449	2450	
2457	2458	
2977	2978	
2473	2474	
2481	2482	
2489	2490	
2497	2498	
1993	1994	
2513	2514	
2521	2522	
3041	3042	
2537	2538	
2545	2546	
2553	2554	
2561	2562	
1545	1546	
2065	2066	
2073	2074	
2593	2594	
2089	2090	
2097	2098	
2105	2106	
2113	2114	
1609	1610	
2129	2130	
2137	2138	
2657	2658	
2153	2154	
2161	2162	
2169	2170	
2177	2178	
1673	1674	
2193	2194	
2201	2202	
2721	2722	
2217	2218	
2225	2226	
2233	2234	
2241	2242	
1737	1738	
2257	2258	
2265	2266	
2785	2786	
2281	2282	
2289	2290	
2297	2298	
2305	2306	
1801	1802	
2321	2322	
2329	2330	
2849	2850	
2345	2346	
2353	2354	
2361	2362	
2369	2370	
1865	1866	
2385	2386	
2393	2394	
2913	2914	
2409	2410	
2417	2418	
2425	2426	
2433	2434	
1929	1930	
2449	2450	
2457	2458	
2977	2978	
2473	2474	
2481	2482	
2489	2490	
2497	2498	
1993	1994	
2513	2514	
2521	2522	
3041	3042	
2537	2538	
2545	2546	
2553	2554	
2561	2562	
2057	2058	
2577	2578	
2585	2586	
3105	3106	
2601	2602	
2609	2610	
2617	2618	
2625	2626	
2121	2122	
2641	2642	
2649	2650	
3169	3170	
2665	2666	
2673	2674	
2681	2682	
2689	2690	
2185	2186	
2705	2706	
2713	2714	
3233	3234	
2729	2730	
2737	2738	
2745	2746	
2753	2754	
2249	2250	
2769	2770	
2777	2778	
3297	3298	
2793	2794	
2801	2802	
2809	2810	
2817	2818	
2313	2314	
2833	2834	
2841	2842	
3361	3362	
2857	2858	
2865	2866	
2873	2874	
2881	2882	
2377	2378	
2897	2898	
2905	2906	
3425	3426	
2921	2922	
2929	2930	
2937	2938	
2945	2946	
2441	2442	
2961	2962	
2969	2970	
3489	3490	
2985	2986	
2993	2994	
3001	3002	
3009	3010	
2505	2506	
3025	3026	
3033	3034	
3553	3554	
3049	3050	
3057	3058	
3065	3066	
3073	3074	
2057	2058	
2577	2578	
2585	2586	
3105	3106	
2601	2602	
2609	2610	
2617	2618	
2625	2626	
2121	2122	
2641	2642	
2649	2650	
3169	3170	
2665	2666	
2673	2674	
2681	2682	
2689	2690	
2185	2186	
2705	2706	
2713	2714	
3233	3234	
2729	2730	
2737	2738	
2745	2746	
2753	2754	
2249	2250	
2769	2770	
2777	2778	
3297	3298	
2793	2794	
2801	2802	
2809	2810	
2817	2818	
2313	2314	
2833	2834	
2841	2842	
3361	3362	
2857	2858	
2865	2866	
2873	2874	
2881	2882	
2377	2378	
2897	2898	
2905	2906	
3425	3426	
2921	2922	
2929	2930	
2937	2938	
2945	2946	
2441	2442	
2961	2962	
2969	2970	
3489	3490	
2985	2986	
2993	2994	
3001	3002	
3009	3010	
2505	2506	
3025	3026	
3033	3034	
3553	3554	
3049	3050	
3057	3058	
3065	3066	
3073	3074	
2057	2058	
2577	2578	
2585	2586	
3105	3106	
2601	2602	
2609	2610	
2617	2618	
2625	2626	
2121	2122	
2641	2642	
2649	2650	
3169	3170	
2665	2666	
2673	2674	
2681	2682	
2689	2690	
2185	2186	
2705	2706	
2713	2714	
3233	3234	
2729	2730	
2737	2738	
2745	2746	
2753	2754	
2249	2250	
2769	2770	
2777	2778	
3297	3298	
2793	2794	
2801	2802	
2809	2810	
2817	2818	
2313	2314	
2833	2834	
2841	2842	
3361	3362	
2857	2858	
2865	2866	
2873	2874	
2881	2882	
2377	2378	
2897	2898	
2905	2906	
3425	3426	
2921	2922	
2929	2930	
2937	2938	
2945	2946	
2441	2442	
2961	2962	
2969	2970	
3489	3490	
2985	2986	
2993	2994	
3001	3002	
3009	3010	
2505	2506	
3025	3026	
3033	3034	
3553	3554	
3049	3050	
3057	3058	
3065	3066	
3073	3074	
2057	2058	
2577	2578	
2585	2586	
3105	3106	
2601	2602	
2609	2610	
2617	2618	
2625	2626	
2121	2122	
2641	2642	
2649	2650	
3169	3170	
2665	2666	
2673	2674	
2681	2682	
2689	2690	
2185	2186	
2705	2706	
2713	2714	
3233	3234	
2729	2730	
2737	2738	
2745	2746	
2753	2754	
2249	2250	
2769	2770	
2777	2778	
3297	3298	
2793	2794	
2801	2802	
2809	2810	
2817	2818	
2313	2314	
2833	2834	
2841	2842	
3361	3362	
2857	2858	
2865	2866	
2873	2874	
2881	2882	
2377	2378	
2897	2898	
2905	2906	
3425	3426	
2921	2922	
2929	2930	
2937	2938	
2945	2946	
2441	2442	
2961	2962	
2969	2970	
3489	3490	
2985	2986	
2993	2994	
3001	3002	
3009	3010	
2505	2506	
3025	3026	
3033	3034	
3553	3554	
3049	3050	
3057	3058	
3065	3066	
3073	3074	
2057	2058	
2577	2578	
2585	2586	
3105	3106	
2601	2602	
2609	2610	
2617	2618	
2625	2626	
2121	2122	
2641	2642	
2649	2650	
3169	3170	
2665	2666	
2673	2674	
2681	2682	
2689	2690	
2185	2186	
2705	2706	
2713	2714	
3233	3234	
2729	2730	
2737	2738	
2745	2746	
2753	2754	
2249	2250	
2769	2770	
2777	2778	
3297	3298	
2793	2794	
2801	2802	
2809	2810	
2817	2818	
2313	2314	
2833	2834	
2841	2842	
3361	3362	
2857	2858	
2865	2866	
2873	2874	
2881	2882	
2377	2378	
2897	2898	
2905	2906	
3425	3426	
2921	2922	
2929	2930	
2937	2938	
2945	2946	
2441	2442	
2961	2962	
2969	2970	
3489	3490	
2985	2986	
2993	2994	
3001	3002	
3009	3010	
2505	2506	
3025	3026	
3033	3034	
3553	3554	
3049	3050	
3057	3058	
3065	3066	
3073	3074	
2057	2058	
2577	2578	
2585	2586	
3105	3106	
2601	2602	
2609	2610	
2617	2618	
2625	2626	
2121	2122	
2641	2642	
2649	2650	
3169	3170	
2665	2666	
2673	2674	
2681	2682	
2689	2690	
2185	2186	
2705	2706	
2713	2714	
3233	3234	
2729	2730	
2737	2738	
2745	2746	
2753	2754	
2249	2250	
2769	2770	
2777	2778	
3297	3298	
2793	2794	
2801	2802	
2809	2810	
2817	2818	
2313	2314	
2833	2834	
2841	2842	
3361	3362	
2857	2858	
2865	2866	
2873	2874	
2881	2882	
2377	2378	
2897	2898	
2905	2906	
3425	3426	
2921	2922	
2929	2930	
2937	2938	
2945	2946	
2441	2442	
2961	2962	
2969	2970	
3489	3490	
2985	2986	
2993	2994	
3001	3002	
3009	3010	
2505	2506	
3025	3026	
3033	3034	
3553	3554	
3049	3050	
3057	3058	
3065	3066	
3073	3074	
2057	2058	
2577	2578	
2585	2586	
3105	3106	
2601	2602	
2609	2610	
2617	2618	
2625	2626	
2121	2122	
2641	2642	
2649	2650	
3169	3170	
2665	2666	
2673	2674	
2681	2682	
2689	2690	
2185	2186	
2705	2706	
2713	2714	
3233	3234	
2729	2730	
2737	2738	
2745	2746	
2753	2754	
2249	2250	
2769	2770	
2777	2778	
3297	3298	
2793	2794	
2801	2802	
2809	2810	
2817	2818	
2313	2314	
2833	2834	
2841	2842	
3361	3362	
2857	2858	
2865	2866	
2873	2874	
2881	2882	
2377	2378	
2897	2898	
2905	2906	
3425	3426	
2921	2922	
2929	2930	
2937	2938	
2945	2946	
2441	2442	
2961	2962	
2969	2970	
3489	3490	
2985	2986	
2993	2994	
3001	3002	
3009	3010	
2505	2506	
3025	3026	
3033	3034	
3553	3554	
3049	3050	
3057	3058	
3065	3066	
3073	3074	
2057	2058	
2577	2578	
2585	2586	
3105	3106	
2601	2602	
2609	2610	
2617	2618	
2625	2626	
2121	2122	
2641	2642	
2649	2650	
3169	3170	
2665	2666	
2673	2674	
2681	2682	
2689	2690	
2185	2186	
2705	2706	
2713	2714	
3233	3234	
2729	2730	
2737	2738	
2745	2746	
2753	2754	
2249	2250	
2769	2770	
2777	2778	
3297	3298	
2793	2794	
2801	2802	
2809	2810	
2817	2818	
2313	2314	
2833	2834	
2841	2842	
3361	3362	
2857	2858	
2865	2866	
2873	2874	
2881	2882	
2377	2378	
2897	2898	
2905	2906	
3425	3426	
2921	2922	
2929	2930	
2937	2938	
2945	2946	
2441	2442	
2961	2962	
2969	2970	
3489	3490	
2985	2986	
2993	2994	
3001	3002	
3009	3010	
2505	2506	
3025	3026	
3033	3034	
3553	3554	
3049	3050	
3057	3058	
3065	3066	
3073	3074	
2569	2570	
3089	3090	
3097	3098	
3617	3618	
3113	3114	
3121	3122	
3129	3130	
3137	3138	
2633	2634	
3153	3154	
3161	3162	
3681	3682	
3177	3178	
3185	3186	
3193	3194	
3201	3202	
2697	2698	
3217	3218	
3225	3226	
3745	3746	
3241	3242	
3249	3250	
3257	3258	
3265	3266	
2761	2762	
3281	3282	
3289	3290	
3809	3810	
3305	3306	
3313	3314	
3321	3322	
3329	3330	
2825	2826	
3345	3346	
3353	3354	
3873	3874	
3369	3370	
3377	3378	
3385	3386	
3393	3394	
2889	2890	
3409	3410	
3417	3418	
3937	3938	
3433	3434	
3441	3442	
3449	3450	
3457	3458	
2953	2954	
3473	3474	
3481	3482	
4001	4002	
3497	3498	
3505	3506	
3513	3514	
3521	3522	
3017	3018	
3537	3538	
3545	3546	
4065	4066	
3561	3562	
3569	3570	
3577	3578	
3585	3586	
2569	2570	
3089	3090	
3097	3098	
3617	3618	
3113	3114	
3121	3122	
3129	3130	
3137	3138	
2633	2634	
3153	3154	
3161	3162	
3681	3682	
3177	3178	
3185	3186	
3193	3194	
3201	3202	
2697	2698	
3217	3218	
3225	3226	
3745	3746	
3241	3242	
3249	3250	
3257	3258	
3265	3266	
2761	2762	
3281	3282	
3289	3290	
3809	3810	
3305	3306	
3313	3314	
3321	3322	
3329	3330	
2825	2826	
3345	3346	
3353	3354	
3873	3874	
3369	3370	
3377	3378	
3385	3386	
3393	3394	
2889	2890	
3409	3410	
3417	3418	
3937	3938	
3433	3434	
3441	3442	
3449	3450	
3457	3458	
2953	2954	
3473	3474	
3481	3482	
4001	4002	
3497	3498	
3505	3506	
3513	3514	
3521	3522	
3017	3018	
3537	3538	
3545	3546	
4065	4066	
3561	3562	
3569	3570	
3577	3578	
3585	3586	
2569	2570	
3089	3090	
3097	3098	
3617	3618	
3113	3114	
3121	3122	
3129	3130	
3137	3138	
2633	2634	
3153	3154	
3161	3162	
3681	3682	
3177	3178	
3185	3186	
3193	3194	
3201	3202	
2697	2698	
3217	3218	
3225	3226	
3745	3746	
3241	3242	
3249	3250	
3257	3258	
3265	3266	
2761	2762	
3281	3282	
3289	3290	
3809	3810	
3305	3306	
3313	3314	
3321	3322	
3329	3330	
2825	2826	
3345	3346	
3353	3354	
3873	3874	
3369	3370	
3377	3378	
3385	3386	
3393	3394	
2889	2890	
3409	3410	
3417	3418	
3937	3938	
3433	3434	
3441	3442	
3449	3450	
3457	3458	
2953	2954	
3473	3474	
3481	3482	
4001	4002	
3497	3498	
3505	3506	
3513	3514	
3521	3522	
3017	3018	
3537	3538	
3545	3546	
4065	4066	
3561	3562	
3569	3570	
3577	3578	
3585	3586	
2569	2570	
3089	3090	
3097	3098	
3617	3618	
3113	3114	
3121	3122	
3129	3130	
3137	3138	
2633	2634	
3153	3154	
3161	3162	
3681	3682	
3177	3178	
3185	3186	
3193	3194	
3201	3202	
2697	2698	
3217	3218	
3225	3226	
3745	3746	
3241	3242	
3249	3250	
3257	3258	
3265	3266	
2761	2762	
3281	3282	
3289	3290	
3809	3810	
3305	3306	
3313	3314	
3321	3322	
3329	3330	
2825	2826	
3345	3346	
3353	3354	
3873	3874	
3369	3370	
3377	3378	
3385	3386	
3393	3394	
2889	2890	
3409	3410	
3417	3418	
3937	3938	
3433	3434	
3441	3442	
3449	3450	
3457	3458	
2953	2954	
3473	3474	
3481	3482	
4001	4002	
3497	3498	
3505	3506	
3513	3514	
3521	3522	
3017	3018	
3537	3538	
3545	3546	
4065	4066	
3561	3562	
3569	3570	
3577	3578	
3585	3586	
2569	2570	
3089	3090	
3097	3098	
3617	3618	
3113	3114	
3121	3122	
3129	3130	
3137	3138	
2633	2634	
3153	3154	
3161	3162	
3681	3682	
3177	3178	
3185	3186	
3193	3194	
3201	3202	
2697	2698	
3217	3218	
3225	3226	
3745	3746	
3241	3242	
3249	3250	
3257	3258	
3265	3266	
2761	2762	
3281	3282	
3289	3290	
3809	3810	
3305	3306	
3313	3314	
3321	3322	
3329	3330	
2825	2826	
3345	3346	
3353	3354	
3873	3874	
3369	3370	
3377	3378	
3385	3386	
3393	3394	
2889	2890	
3409	3410	
3417	3418	
3937	3938	
3433	3434	
3441	3442	
3449	3450	
3457	3458	
2953	2954	
3473	3474	
3481	3482	
4001	4002	
3497	3498	
3505	3506	
3513	3514	
3521	3522	
3017	3018	
3537	3538	
3545	3546	
4065	4066	
3561	3562	
3569	3570	
3577	3578	
3585	3586	
2569	2570	
3089	3090	
3097	3098	
3617	3618	
3113	3114	
3121	3122	
3129	3130	
3137	3138	
2633	2634	
3153	3154	
3161	3162	
3681	3682	
3177	3178	
3185	3186	
3193	3194	
3201	3202	
2697	2698	
3217	3218	
3225	3226	
3745	3746	
3241	3242	
3249	3250	
3257	3258	
3265	3266	
2761	2762	
3281	3282	
3289	3290	
3809	3810	
3305	3306	
3313	3314	
3321	3322	
3329	3330	
2825	2826	
3345	3346	
3353	3354	
3873	3874	
3369	3370	
3377	3378	
3385	3386	
3393	3394	
2889	2890	
3409	3410	
3417	3418	
3937	3938	
3433	3434	
3441	3442	
3449	3450	
3457	3458	
2953	2954	
3473	3474	
3481	3482	
4001	4002	
3497	3498	
3505	3506	
3513	3514	
3521	3522	
3017	3018	
3537	3538	
3545	3546	
4065	4066	
3561	3562	
3569	3570	
3577	3578	
3585	3586	
2569	2570	
3089	3090	
3097	3098	
3617	3618	
3113	3114	
3121	3122	
3129	3130	
3137	3138	
2633	2634	
3153	3154	
3161	3162	
3681	3682	
3177	3178	
3185	3186	
3193	3194	
3201	3202	
2697	2698	
3217	3218	
3225	3226	
3745	3746	
3241	3242	
3249	3250	
3257	3258	
3265	3266	
2761	2762	
3281	3282	
3289	3290	
3809	3810	
3305	3306	
3313	3314	
3321	3322	
3329	3330	
2825	2826	
3345	3346	
3353	3354	
3873	3874	
3369	3370	
3377	3378	
3385	3386	
3393	3394	
2889	2890	
3409	3410	
3417	3418	
3937	3938	
3433	3434	
3441	3442	
3449	3450	
3457	3458	
2953	2954	
3473	3474	
3481	3482	
4001	4002	
3497	3498	
3505	3506	
3513	3514	
3521	3522	
3017	3018	
3537	3538	
3545	3546	
4065	4066	
3561	3562	
3569	3570	
3577	3578	
3585	3586	
2569	2570	
3089	3090	
3097	3098	
3617	3618	
3113	3114	
3121	3122	
3129	3130	
3137	3138	
2633	2634	
3153	3154	
3161	3162	
3681	3682	
3177	3178	
3185	3186	
3193	3194	
3201	3202	
2697	2698	
3217	3218	
3225	3226	
3745	3746	
3241	3242	
3249	3250	
3257	3258	
3265	3266	
2761	2762	
3281	3282	
3289	3290	
3809	3810	
3305	3306	
3313	3314	
3321	3322	
3329	3330	
2825	2826	
3345	3346	
3353	3354	
3873	3874	
3369	3370	
3377	3378	
3385	3386	
3393	3394	
2889	2890	
3409	3410	
3417	3418	
3937	3938	
3433	3434	
3441	3442	
3449	3450	
3457	3458	
2953	2954	
3473	3474	
3481	3482	
4001	4002	
3497	3498	
3505	3506	
3513	3514	
3521	3522	
3017	3018	
3537	3538	
3545	3546	
4065	4066	
3561	3562	
3569	3570	
3577	3578	
3585	3586	
3081	3082	
3601	3602	
3609	3610	
2	
3625	3626	
3633	3634	
3641	3642	
3649	3650	
3145	3146	
3665	3666	
3673	3674	
2	
3689	3690	
3697	3698	
3705	3706	
3713	3714	
3209	3210	
3729	3730	
3737	3738	
2	
3753	3754	
3761	3762	
3769	3770	
3777	3778	
3273	3274	
3793	3794	
3801	3802	
2	
3817	3818	
3825	3826	
3833	3834	
3841	3842	
3337	3338	
3857	3858	
3865	3866	
2	
3881	3882	
3889	3890	
3897	3898	
3905	3906	
3401	3402	
3921	3922	
3929	3930	
2	
3945	3946	
3953	3954	
3961	3962	
3969	3970	
3465	3466	
3985	3986	
3993	3994	
2	
4009	4010	
4017	4018	
4025	4026	
4033	4034	
3529	3530	
4049	4050	
4057	4058	
2	
4073	4074	
4081	4082	
4089	4090	
4097	4098	
3081	3082	
3601	3602	
3609	3610	
2	
3625	3626	
3633	3634	
3641	3642	
3649	3650	
3145	3146	
3665	3666	
3673	3674	
2	
3689	3690	
3697	3698	
3705	3706	
3713	3714	
3209	3210	
3729	3730	
3737	3738	
2	
3753	3754	
3761	3762	
3769	3770	
3777	3778	
3273	3274	
3793	3794	
3801	3802	
2	
3817	3818	
3825	3826	
3833	3834	
3841	3842	
3337	3338	
3857	3858	
3865	3866	
2	
3881	3882	
3889	3890	
3897	3898	
3905	3906	
3401	3402	
3921	3922	
3929	3930	
2	
3945	3946	
3953	3954	
3961	3962	
3969	3970	
3465	3466	
3985	3986	
3993	3994	
2	
4009	4010	
4017	4018	
4025	4026	
4033	4034	
3529	3530	
4049	4050	
4057	4058	
2	
4073	4074	
4081	4082	
4089	4090	
4097	4098	
3081	3082	
3601	3602	
3609	3610	
2	
3625	3626	
3633	3634	
3641	3642	
3649	3650	
3145	3146	
3665	3666	
3673	3674	
2	
3689	3690	
3697	3698	
3705	3706	
3713	3714	
3209	3210	
3729	3730	
3737	3738	
2	
3753	3754	
3761	3762	
3769	3770	
3777	3778	
3273	3274	
3793	3794	
3801	3802	
2	
3817	3818	
3825	3826	
3833	3834	
3841	3842	
3337	3338	
3857	3858	
3865	3866	
2	
3881	3882	
3889	3890	
3897	3898	
3905	3906	
3401	3402	
3921	3922	
3929	3930	
2	
3945	3946	
3953	3954	
3961	3962	
3969	3970	
3465	3466	
3985	3986	
3993	3994	
2	
4009	4010	
4017	4018	
4025	4026	
4033	4034	
3529	3530	
4049	4050	
4057	4058	
2	
4073	4074	
4081	4082	
4089	4090	
4097	4098	
3081	3082	
3601	3602	
3609	3610	
2	
3625	3626	
3633	3634	
3641	3642	
3649	3650	
3145	3146	
3665	3666	
3673	3674	
2	
3689	3690	
3697	3698	
3705	3706	
3713	3714	
3209	3210	
3729	3730	
3737	3738	
2	
3753	3754	
3761	3762	
3769	3770	
3777	3778	
3273	3274	
3793	3794	
3801	3802	
2	
3817	3818	
3825	3826	
3833	3834	
3841	3842	
3337	3338	
3857	3858	
3865	3866	
2	
3881	3882	
3889	3890	
3897	3898	
3905	3906	
3401	3402	
3921	3922	
3929	3930	
2	
3945	3946	
3953	3954	
3961	3962	
3969	3970	
3465	3466	
3985	3986	
3993	3994	
2	
4009	4010	
4017	4018	
4025	4026	
4033	4034	
3529	3530	
4049	4050	
4057	4058	
2	
4073	4074	
4081	4082	
4089	4090	
4097	4098	
3081	3082	
3601	3602	
3609	3610	
2	
3625	3626	
3633	3634	
3641	3642	
3649	3650	
3145	3146	
3665	3666	
3673	3674	
2	
3689	3690	
3697	3698	
3705	3706	
3713	3714	
3209	3210	
3729	3730	
3737	3738	
2	
3753	3754	
3761	3762	
3769	3770	
3777	3778	
3273	3274	
3793	3794	
3801	3802	
2	
3817	3818	
3825	3826	
3833	3834	
3841	3842	
3337	3338	
3857	3858	
3865	3866	
2	
3881	3882	
3889	3890	
3897	3898	
3905	3906	
3401	3402	
3921	3922	
3929	3930	
2	
3945	3946	
3953	3954	
3961	3962	
3969	3970	
3465	3466	
3985	3986	
3993	3994	
2	
4009	4010	
4017	4018	
4025	4026	
4033	4034	
3529	3530	
4049	4050	
4057	4058	
2	
4073	4074	
4081	4082	
4089	4090	
4097	4098	
3081	3082	
3601	3602	
3609	3610	
2	
3625	3626	
3633	3634	
3641	3642	
3649	3650	
3145	3146	
3665	3666	
3673	3674	
2	
3689	3690	
3697	3698	
3705	3706	
3713	3714	
3209	3210	
3729	3730	
3737	3738	
2	
3753	3754	
3761	3762	
3769	3770	
3777	3778	
3273	3274	
3793	3794	
3801	3802	
2	
3817	3818	
3825	3826	
3833	3834	
3841	3842	
3337	3338	
3857	3858	
3865	3866	
2	
3881	3882	
3889	3890	
3897	3898	
3905	3906	
3401	3402	
3921	3922	
3929	3930	
2	
3945	3946	
3953	3954	
3961	3962	
3969	3970	
3465	3466	
3985	3986	
3993	3994	
2	
4009	4010	
4017	4018	
4025	4026	
4033	4034	
3529	3530	
4049	4050	
4057	4058	
2	
4073	4074	
4081	4082	
4089	4090	
4097	4098	
3081	3082	
3601	3602	
3609	3610	
2	
3625	3626	
3633	3634	
3641	3642	
3649	3650	
3145	3146	
3665	3666	
3673	3674	
2	
3689	3690	
3697	3698	
3705	3706	
3713	3714	
3209	3210	
3729	3730	
3737	3738	
2	
3753	3754	
3761	3762	
3769	3770	
3777	3778	
3273	3274	
3793	3794	
3801	3802	
2	
3817	3818	
3825	3826	
3833	3834	
3841	3842	
3337	3338	
3857	3858	
3865	3866	
2	
3881	3882	
3889	3890	
3897	3898	
3905	3906	
3401	3402	
3921	3922	
3929	3930	
2	
3945	3946	
3953	3954	
3961	3962	
3969	3970	
3465	3466	
3985	3986	
3993	3994	
2	
4009	4010	
4017	4018	
4025	4026	
4033	4034	
3529	3530	
4049	4050	
4057	4058	
2	
4073	4074	
4081	4082	
4089	4090	
4097	4098	
3081	3082	
3601	3602	
3609	3610	
2	
3625	3626	
3633	3634	
3641	3642	
3649	3650	
3145	3146	
3665	3666	
3673	3674	
2	
3689	3690	
3697	3698	
3705	3706	
3713	3714	
3209	3210	
3729	3730	
3737	3738	
2	
3753	3754	
3761	3762	
3769	3770	
3777	3778	
3273	3274	
3793	3794	
3801	3802	
2	
3817	3818	
3825	3826	
3833	3834	
3841	3842	
3337	3338	
3857	3858	
3865	3866	
2	
3881	3882	
3889	3890	
3897	3898	
3905	3906	
3401	3402	
3921	3922	
3929	3930	
2	
3945	3946	
3953	3954	
3961	3962	
3969	3970	
3465	3466	
3985	3986	
3993	3994	
2	
4009	4010	
4017	4018	
4025	4026	
4033	4034	
3529	3530	
4049	4050	
4057	4058	
2	
4073	4074	
4081	4082	
4089	4090	
4097	4098	
4113	4114	
4185	4186	
4193	4194	
4265	4266	
4209	4210	
4217	4218	
4225	4226	
4233	4234	
1033	1034	
1553	1554	
1561	1562	
2081	2082	
1577	1578	
1585	1586	
1593	1594	
1601	1602	
1097	1098	
1617	1618	
1625	1626	
2145	2146	
1641	1642	
1649	1650	
1657	1658	
1665	1666	
1161	1162	
1681	1682	
1689	1690	
2209	2210	
1705	1706	
1713	1714	
1721	1722	
1729	1730	
1225	1226	
1745	1746	
1753	1754	
2273	2274	
1769	1770	
1777	1778	
1785	1786	
1793	1794	
1289	1290	
1809	1810	
1817	1818	
2337	2338	
1833	1834	
1841	1842	
1849	1850	
1857	1858	
1353	1354	
1873	1874	
1881	1882	
2401	2402	
1897	1898	
1905	1906	
1913	1914	
1921	1922	
1417	1418	
1937	1938	
1945	1946	
2465	2466	
1961	1962	
1969	1970	
1977	1978	
1985	1986	
1481	1482	
2001	2002	
2009	2010	
2529	2530	
2025	2026	
2033	2034	
2041	2042	
2049	2050	
1545	1546	
2065	2066	
2073	2074	
2593	2594	
2089	2090	
2097	2098	
2105	2106	
2113	2114	
1609	1610	
2129	2130	
2137	2138	
2657	2658	
2153	2154	
2161	2162	
2169	2170	
2177	2178	
1673	1674	
2193	2194	
2201	2202	
2721	2722	
2217	2218	
2225	2226	
2233	2234	
2241	2242	
1737	1738	
2257	2258	
2265	2266	
2785	2786	
2281	2282	
2289	2290	
2297	2298	
2305	2306	
1801	1802	
2321	2322	
2329	2330	
2849	2850	
2345	2346	
2353	2354	
2361	2362	
2369	2370	
1865	1866	
2385	2386	
2393	2394	
2913	2914	
2409	2410	
2417	2418	
2425	2426	
2433	2434	
1929	1930	
2449	2450	
2457	2458	
2977	2978	
2473	2474	
2481	2482	
2489	2490	
2497	2498	
1993	1994	
2513	2514	
2521	2522	
3041	3042	
2537	2538	
2545	2546	
2553	2554	
2561	2562	
2057	2058	
2577	2578	
2585	2586	
3105	3106	
2601	2602	
2609	2610	
2617	2618	
2625	2626	
2121	2122	
2641	2642	
2649	2650	
3169	3170	
2665	2666	
2673	2674	
2681	2682	
2689	2690	
2185	2186	
2705	2706	
2713	2714	
3233	3234	
2729	2730	
2737	2738	
2745	2746	
2753	2754	
2249	2250	
2769	2770	
2777	2778	
3297	3298	
2793	2794	
2801	2802	
2809	2810	
2817	2818	
2313	2314	
2833	2834	
2841	2842	
3361	3362	
2857	2858	
2865	2866	
2873	2874	
2881	2882	
2377	2378	
2897	2898	
2905	2906	
3425	3426	
2921	2922	
2929	2930	
2937	2938	
2945	2946	
2441	2442	
2961	2962	
2969	2970	
3489	3490	
2985	2986	
2993	2994	
3001	3002	
3009	3010	
2505	2506	
3025	3026	
3033	3034	
3553	3554	
3049	3050	
3057	3058	
3065	3066	
3073	3074	
