4101	4102	
2	
2	
13	14	
21	22	
541	542	
37	38	
45	46	
53	54	
61	62	
2	
77	78	
85	86	
605	606	
101	102	
109	110	
117	118	
125	126	
2	
141	142	
149	150	
669	670	
165	166	
173	174	
181	182	
189	190	
2	
205	206	
213	214	
733	734	
229	230	
237	238	
245	246	
253	254	
2	
269	270	
277	278	
797	798	
293	294	
301	302	
309	310	
317	318	
2	
333	334	
341	342	
861	862	
357	358	
365	366	
373	374	
381	382	
2	
397	398	
405	406	
925	926	
421	422	
429	430	
437	438	
445	446	
2	
461	462	
469	470	
989	990	
485	486	
493	494	
501	502	
509	510	
2	
13	14	
21	22	
541	542	
37	38	
45	46	
53	54	
61	62	
2	
77	78	
85	86	
605	606	
101	102	
109	110	
117	118	
125	126	
2	
141	142	
149	150	
669	670	
165	166	
173	174	
181	182	
189	190	
2	
205	206	
213	214	
733	734	
229	230	
237	238	
245	246	
253	254	
2	
269	270	
277	278	
797	798	
293	294	
301	302	
309	310	
317	318	
2	
333	334	
341	342	
861	862	
357	358	
365	366	
373	374	
381	382	
2	
397	398	
405	406	
925	926	
421	422	
429	430	
437	438	
445	446	
2	
461	462	
469	470	
989	990	
485	486	
493	494	
501	502	
509	510	
2	
13	14	
21	22	
541	542	
37	38	
45	46	
53	54	
61	62	
2	
77	78	
85	86	
605	606	
101	102	
109	110	
117	118	
125	126	
2	
141	142	
149	150	
669	670	
165	166	
173	174	
181	182	
189	190	
2	
205	206	
213	214	
733	734	
229	230	
237	238	
245	246	
253	254	
2	
269	270	
277	278	
797	798	
293	294	
301	302	
309	310	
317	318	
2	
333	334	
341	342	
861	862	
357	358	
365	366	
373	374	
381	382	
2	
397	398	
405	406	
925	926	
421	422	
429	430	
437	438	
445	446	
2	
461	462	
469	470	
989	990	
485	486	
493	494	
501	502	
509	510	
2	
13	14	
21	22	
541	542	
37	38	
45	46	
53	54	
61	62	
2	
77	78	
85	86	
605	606	
101	102	
109	110	
117	118	
125	126	
2	
141	142	
149	150	
669	670	
165	166	
173	174	
181	182	
189	190	
2	
205	206	
213	214	
733	734	
229	230	
237	238	
245	246	
253	254	
2	
269	270	
277	278	
797	798	
293	294	
301	302	
309	310	
317	318	
2	
333	334	
341	342	
861	862	
357	358	
365	366	
373	374	
381	382	
2	
397	398	
405	406	
925	926	
421	422	
429	430	
437	438	
445	446	
2	
461	462	
469	470	
989	990	
485	486	
493	494	
501	502	
509	510	
2	
13	14	
21	22	
541	542	
37	38	
45	46	
53	54	
61	62	
2	
77	78	
85	86	
605	606	
101	102	
109	110	
117	118	
125	126	
2	
141	142	
149	150	
669	670	
165	166	
173	174	
181	182	
189	190	
2	
205	206	
213	214	
733	734	
229	230	
237	238	
245	246	
253	254	
2	
269	270	
277	278	
797	798	
293	294	
301	302	
309	310	
317	318	
2	
333	334	
341	342	
861	862	
357	358	
365	366	
373	374	
381	382	
2	
397	398	
405	406	
925	926	
421	422	
429	430	
437	438	
445	446	
2	
461	462	
469	470	
989	990	
485	486	
493	494	
501	502	
509	510	
2	
13	14	
21	22	
541	542	
37	38	
45	46	
53	54	
61	62	
2	
77	78	
85	86	
605	606	
101	102	
109	110	
117	118	
125	126	
2	
141	142	
149	150	
669	670	
165	166	
173	174	
181	182	
189	190	
2	
205	206	
213	214	
733	734	
229	230	
237	238	
245	246	
253	254	
2	
269	270	
277	278	
797	798	
293	294	
301	302	
309	310	
317	318	
2	
333	334	
341	342	
861	862	
357	358	
365	366	
373	374	
381	382	
2	
397	398	
405	406	
925	926	
421	422	
429	430	
437	438	
445	446	
2	
461	462	
469	470	
989	990	
485	486	
493	494	
501	502	
509	510	
2	
13	14	
21	22	
541	542	
37	38	
45	46	
53	54	
61	62	
2	
77	78	
85	86	
605	606	
101	102	
109	110	
117	118	
125	126	
2	
141	142	
149	150	
669	670	
165	166	
173	174	
181	182	
189	190	
2	
205	206	
213	214	
733	734	
229	230	
237	238	
245	246	
253	254	
2	
269	270	
277	278	
797	798	
293	294	
301	302	
309	310	
317	318	
2	
333	334	
341	342	
861	862	
357	358	
365	366	
373	374	
381	382	
2	
397	398	
405	406	
925	926	
421	422	
429	430	
437	438	
445	446	
2	
461	462	
469	470	
989	990	
485	486	
493	494	
501	502	
509	510	
2	
13	14	
21	22	
541	542	
37	38	
45	46	
53	54	
61	62	
2	
77	78	
85	86	
605	606	
101	102	
109	110	
117	118	
125	126	
2	
141	142	
149	150	
669	670	
165	166	
173	174	
181	182	
189	190	
2	
205	206	
213	214	
733	734	
229	230	
237	238	
245	246	
253	254	
2	
269	270	
277	278	
797	798	
293	294	
301	302	
309	310	
317	318	
2	
333	334	
341	342	
861	862	
357	358	
365	366	
373	374	
381	382	
2	
397	398	
405	406	
925	926	
421	422	
429	430	
437	438	
445	446	
2	
461	462	
469	470	
989	990	
485	486	
493	494	
501	502	
509	510	
5	6	
525	526	
533	534	
1053	1054	
549	550	
557	558	
565	566	
573	574	
69	70	
589	590	
597	598	
1117	1118	
613	614	
621	622	
629	630	
637	638	
133	134	
653	654	
661	662	
1181	1182	
677	678	
685	686	
693	694	
701	702	
197	198	
717	718	
725	726	
1245	1246	
741	742	
749	750	
757	758	
765	766	
261	262	
781	782	
789	790	
1309	1310	
805	806	
813	814	
821	822	
829	830	
325	326	
845	846	
853	854	
1373	1374	
869	870	
877	878	
885	886	
893	894	
389	390	
909	910	
917	918	
1437	1438	
933	934	
941	942	
949	950	
957	958	
453	454	
973	974	
981	982	
1501	1502	
997	998	
1005	1006	
1013	1014	
1021	1022	
5	6	
525	526	
533	534	
1053	1054	
549	550	
557	558	
565	566	
573	574	
69	70	
589	590	
597	598	
1117	1118	
613	614	
621	622	
629	630	
637	638	
133	134	
653	654	
661	662	
1181	1182	
677	678	
685	686	
693	694	
701	702	
197	198	
717	718	
725	726	
1245	1246	
741	742	
749	750	
757	758	
765	766	
261	262	
781	782	
789	790	
1309	1310	
805	806	
813	814	
821	822	
829	830	
325	326	
845	846	
853	854	
1373	1374	
869	870	
877	878	
885	886	
893	894	
389	390	
909	910	
917	918	
1437	1438	
933	934	
941	942	
949	950	
957	958	
453	454	
973	974	
981	982	
1501	1502	
997	998	
1005	1006	
1013	1014	
1021	1022	
5	6	
525	526	
533	534	
1053	1054	
549	550	
557	558	
565	566	
573	574	
69	70	
589	590	
597	598	
1117	1118	
613	614	
621	622	
629	630	
637	638	
133	134	
653	654	
661	662	
1181	1182	
677	678	
685	686	
693	694	
701	702	
197	198	
717	718	
725	726	
1245	1246	
741	742	
749	750	
757	758	
765	766	
261	262	
781	782	
789	790	
1309	1310	
805	806	
813	814	
821	822	
829	830	
325	326	
845	846	
853	854	
1373	1374	
869	870	
877	878	
885	886	
893	894	
389	390	
909	910	
917	918	
1437	1438	
933	934	
941	942	
949	950	
957	958	
453	454	
973	974	
981	982	
1501	1502	
997	998	
1005	1006	
1013	1014	
1021	1022	
5	6	
525	526	
533	534	
1053	1054	
549	550	
557	558	
565	566	
573	574	
69	70	
589	590	
597	598	
1117	1118	
613	614	
621	622	
629	630	
637	638	
133	134	
653	654	
661	662	
1181	1182	
677	678	
685	686	
693	694	
701	702	
197	198	
717	718	
725	726	
1245	1246	
741	742	
749	750	
757	758	
765	766	
261	262	
781	782	
789	790	
1309	1310	
805	806	
813	814	
821	822	
829	830	
325	326	
845	846	
853	854	
1373	1374	
869	870	
877	878	
885	886	
893	894	
389	390	
909	910	
917	918	
1437	1438	
933	934	
941	942	
949	950	
957	958	
453	454	
973	974	
981	982	
1501	1502	
997	998	
1005	1006	
1013	1014	
1021	1022	
5	6	
525	526	
533	534	
1053	1054	
549	550	
557	558	
565	566	
573	574	
69	70	
589	590	
597	598	
1117	1118	
613	614	
621	622	
629	630	
637	638	
133	134	
653	654	
661	662	
1181	1182	
677	678	
685	686	
693	694	
701	702	
197	198	
717	718	
725	726	
1245	1246	
741	742	
749	750	
757	758	
765	766	
261	262	
781	782	
789	790	
1309	1310	
805	806	
813	814	
821	822	
829	830	
325	326	
845	846	
853	854	
1373	1374	
869	870	
877	878	
885	886	
893	894	
389	390	
909	910	
917	918	
1437	1438	
933	934	
941	942	
949	950	
957	958	
453	454	
973	974	
981	982	
1501	1502	
997	998	
1005	1006	
1013	1014	
1021	1022	
5	6	
525	526	
533	534	
1053	1054	
549	550	
557	558	
565	566	
573	574	
69	70	
589	590	
597	598	
1117	1118	
613	614	
621	622	
629	630	
637	638	
133	134	
653	654	
661	662	
1181	1182	
677	678	
685	686	
693	694	
701	702	
197	198	
717	718	
725	726	
1245	1246	
741	742	
749	750	
757	758	
765	766	
261	262	
781	782	
789	790	
1309	1310	
805	806	
813	814	
821	822	
829	830	
325	326	
845	846	
853	854	
1373	1374	
869	870	
877	878	
885	886	
893	894	
389	390	
909	910	
917	918	
1437	1438	
933	934	
941	942	
949	950	
957	958	
453	454	
973	974	
981	982	
1501	1502	
997	998	
1005	1006	
1013	1014	
1021	1022	
5	6	
525	526	
533	534	
1053	1054	
549	550	
557	558	
565	566	
573	574	
69	70	
589	590	
597	598	
1117	1118	
613	614	
621	622	
629	630	
637	638	
133	134	
653	654	
661	662	
1181	1182	
677	678	
685	686	
693	694	
701	702	
197	198	
717	718	
725	726	
1245	1246	
741	742	
749	750	
757	758	
765	766	
261	262	
781	782	
789	790	
1309	1310	
805	806	
813	814	
821	822	
829	830	
325	326	
845	846	
853	854	
1373	1374	
869	870	
877	878	
885	886	
893	894	
389	390	
909	910	
917	918	
1437	1438	
933	934	
941	942	
949	950	
957	958	
453	454	
973	974	
981	982	
1501	1502	
997	998	
1005	1006	
1013	1014	
1021	1022	
5	6	
525	526	
533	534	
1053	1054	
549	550	
557	558	
565	566	
573	574	
69	70	
589	590	
597	598	
1117	1118	
613	614	
621	622	
629	630	
637	638	
133	134	
653	654	
661	662	
1181	1182	
677	678	
685	686	
693	694	
701	702	
197	198	
717	718	
725	726	
1245	1246	
741	742	
749	750	
757	758	
765	766	
261	262	
781	782	
789	790	
1309	1310	
805	806	
813	814	
821	822	
829	830	
325	326	
845	846	
853	854	
1373	1374	
869	870	
877	878	
885	886	
893	894	
389	390	
909	910	
917	918	
1437	1438	
933	934	
941	942	
949	950	
957	958	
453	454	
973	974	
981	982	
1501	1502	
997	998	
1005	1006	
1013	1014	
1021	1022	
517	518	
1037	1038	
1045	1046	
1565	1566	
1061	1062	
1069	1070	
1077	1078	
1085	1086	
581	582	
1101	1102	
1109	1110	
1629	1630	
1125	1126	
1133	1134	
1141	1142	
1149	1150	
645	646	
1165	1166	
1173	1174	
1693	1694	
1189	1190	
1197	1198	
1205	1206	
1213	1214	
709	710	
1229	1230	
1237	1238	
1757	1758	
1253	1254	
1261	1262	
1269	1270	
1277	1278	
773	774	
1293	1294	
1301	1302	
1821	1822	
1317	1318	
1325	1326	
1333	1334	
1341	1342	
837	838	
1357	1358	
1365	1366	
1885	1886	
1381	1382	
1389	1390	
1397	1398	
1405	1406	
901	902	
1421	1422	
1429	1430	
1949	1950	
1445	1446	
1453	1454	
1461	1462	
1469	1470	
965	966	
1485	1486	
1493	1494	
2013	2014	
1509	1510	
1517	1518	
1525	1526	
1533	1534	
517	518	
1037	1038	
1045	1046	
1565	1566	
1061	1062	
1069	1070	
1077	1078	
1085	1086	
581	582	
1101	1102	
1109	1110	
1629	1630	
1125	1126	
1133	1134	
1141	1142	
1149	1150	
645	646	
1165	1166	
1173	1174	
1693	1694	
1189	1190	
1197	1198	
1205	1206	
1213	1214	
709	710	
1229	1230	
1237	1238	
1757	1758	
1253	1254	
1261	1262	
1269	1270	
1277	1278	
773	774	
1293	1294	
1301	1302	
1821	1822	
1317	1318	
1325	1326	
1333	1334	
1341	1342	
837	838	
1357	1358	
1365	1366	
1885	1886	
1381	1382	
1389	1390	
1397	1398	
1405	1406	
901	902	
1421	1422	
1429	1430	
1949	1950	
1445	1446	
1453	1454	
1461	1462	
1469	1470	
965	966	
1485	1486	
1493	1494	
2013	2014	
1509	1510	
1517	1518	
1525	1526	
1533	1534	
517	518	
1037	1038	
1045	1046	
1565	1566	
1061	1062	
1069	1070	
1077	1078	
1085	1086	
581	582	
1101	1102	
1109	1110	
1629	1630	
1125	1126	
1133	1134	
1141	1142	
1149	1150	
645	646	
1165	1166	
1173	1174	
1693	1694	
1189	1190	
1197	1198	
1205	1206	
1213	1214	
709	710	
1229	1230	
1237	1238	
1757	1758	
1253	1254	
1261	1262	
1269	1270	
1277	1278	
773	774	
1293	1294	
1301	1302	
1821	1822	
1317	1318	
1325	1326	
1333	1334	
1341	1342	
837	838	
1357	1358	
1365	1366	
1885	1886	
1381	1382	
1389	1390	
1397	1398	
1405	1406	
901	902	
1421	1422	
1429	1430	
1949	1950	
1445	1446	
1453	1454	
1461	1462	
1469	1470	
965	966	
1485	1486	
1493	1494	
2013	2014	
1509	1510	
1517	1518	
1525	1526	
1533	1534	
517	518	
1037	1038	
1045	1046	
1565	1566	
1061	1062	
1069	1070	
1077	1078	
1085	1086	
581	582	
1101	1102	
1109	1110	
1629	1630	
1125	1126	
1133	1134	
1141	1142	
1149	1150	
645	646	
1165	1166	
1173	1174	
1693	1694	
1189	1190	
1197	1198	
1205	1206	
1213	1214	
709	710	
1229	1230	
1237	1238	
1757	1758	
1253	1254	
1261	1262	
1269	1270	
1277	1278	
773	774	
1293	1294	
1301	1302	
1821	1822	
1317	1318	
1325	1326	
1333	1334	
1341	1342	
837	838	
1357	1358	
1365	1366	
1885	1886	
1381	1382	
1389	1390	
1397	1398	
1405	1406	
901	902	
1421	1422	
1429	1430	
1949	1950	
1445	1446	
1453	1454	
1461	1462	
1469	1470	
965	966	
1485	1486	
1493	1494	
2013	2014	
1509	1510	
1517	1518	
1525	1526	
1533	1534	
517	518	
1037	1038	
1045	1046	
1565	1566	
1061	1062	
1069	1070	
1077	1078	
1085	1086	
581	582	
1101	1102	
1109	1110	
1629	1630	
1125	1126	
1133	1134	
1141	1142	
1149	1150	
645	646	
1165	1166	
1173	1174	
1693	1694	
1189	1190	
1197	1198	
1205	1206	
1213	1214	
709	710	
1229	1230	
1237	1238	
1757	1758	
1253	1254	
1261	1262	
1269	1270	
1277	1278	
773	774	
1293	1294	
1301	1302	
1821	1822	
1317	1318	
1325	1326	
1333	1334	
1341	1342	
837	838	
1357	1358	
1365	1366	
1885	1886	
1381	1382	
1389	1390	
1397	1398	
1405	1406	
901	902	
1421	1422	
1429	1430	
1949	1950	
1445	1446	
1453	1454	
1461	1462	
1469	1470	
965	966	
1485	1486	
1493	1494	
2013	2014	
1509	1510	
1517	1518	
1525	1526	
1533	1534	
517	518	
1037	1038	
1045	1046	
1565	1566	
1061	1062	
1069	1070	
1077	1078	
1085	1086	
581	582	
1101	1102	
1109	1110	
1629	1630	
1125	1126	
1133	1134	
1141	1142	
1149	1150	
645	646	
1165	1166	
1173	1174	
1693	1694	
1189	1190	
1197	1198	
1205	1206	
1213	1214	
709	710	
1229	1230	
1237	1238	
1757	1758	
1253	1254	
1261	1262	
1269	1270	
1277	1278	
773	774	
1293	1294	
1301	1302	
1821	1822	
1317	1318	
1325	1326	
1333	1334	
1341	1342	
837	838	
1357	1358	
1365	1366	
1885	1886	
1381	1382	
1389	1390	
1397	1398	
1405	1406	
901	902	
1421	1422	
1429	1430	
1949	1950	
1445	1446	
1453	1454	
1461	1462	
1469	1470	
965	966	
1485	1486	
1493	1494	
2013	2014	
1509	1510	
1517	1518	
1525	1526	
1533	1534	
517	518	
1037	1038	
1045	1046	
1565	1566	
1061	1062	
1069	1070	
1077	1078	
1085	1086	
581	582	
1101	1102	
1109	1110	
1629	1630	
1125	1126	
1133	1134	
1141	1142	
1149	1150	
645	646	
1165	1166	
1173	1174	
1693	1694	
1189	1190	
1197	1198	
1205	1206	
1213	1214	
709	710	
1229	1230	
1237	1238	
1757	1758	
1253	1254	
1261	1262	
1269	1270	
1277	1278	
773	774	
1293	1294	
1301	1302	
1821	1822	
1317	1318	
1325	1326	
1333	1334	
1341	1342	
837	838	
1357	1358	
1365	1366	
1885	1886	
1381	1382	
1389	1390	
1397	1398	
1405	1406	
901	902	
1421	1422	
1429	1430	
1949	1950	
1445	1446	
1453	1454	
1461	1462	
1469	1470	
965	966	
1485	1486	
1493	1494	
2013	2014	
1509	1510	
1517	1518	
1525	1526	
1533	1534	
517	518	
1037	1038	
1045	1046	
1565	1566	
1061	1062	
1069	1070	
1077	1078	
1085	1086	
581	582	
1101	1102	
1109	1110	
1629	1630	
1125	1126	
1133	1134	
1141	1142	
1149	1150	
645	646	
1165	1166	
1173	1174	
1693	1694	
1189	1190	
1197	1198	
1205	1206	
1213	1214	
709	710	
1229	1230	
1237	1238	
1757	1758	
1253	1254	
1261	1262	
1269	1270	
1277	1278	
773	774	
1293	1294	
1301	1302	
1821	1822	
1317	1318	
1325	1326	
1333	1334	
1341	1342	
837	838	
1357	1358	
1365	1366	
1885	1886	
1381	1382	
1389	1390	
1397	1398	
1405	1406	
901	902	
1421	1422	
1429	1430	
1949	1950	
1445	1446	
1453	1454	
1461	1462	
1469	1470	
965	966	
1485	1486	
1493	1494	
2013	2014	
1509	1510	
1517	1518	
1525	1526	
1533	1534	
1029	1030	
1549	1550	
1557	1558	
2077	2078	
1573	1574	
1581	1582	
1589	1590	
1597	1598	
1093	1094	
1613	1614	
1621	1622	
2141	2142	
1637	1638	
1645	1646	
1653	1654	
1661	1662	
1157	1158	
1677	1678	
1685	1686	
2205	2206	
1701	1702	
1709	1710	
1717	1718	
1725	1726	
1221	1222	
1741	1742	
1749	1750	
2269	2270	
1765	1766	
1773	1774	
1781	1782	
1789	1790	
1285	1286	
1805	1806	
1813	1814	
2333	2334	
1829	1830	
1837	1838	
1845	1846	
1853	1854	
1349	1350	
1869	1870	
1877	1878	
2397	2398	
1893	1894	
1901	1902	
1909	1910	
1917	1918	
1413	1414	
1933	1934	
1941	1942	
2461	2462	
1957	1958	
1965	1966	
1973	1974	
1981	1982	
1477	1478	
1997	1998	
2005	2006	
2525	2526	
2021	2022	
2029	2030	
2037	2038	
2045	2046	
1029	1030	
1549	1550	
1557	1558	
2077	2078	
1573	1574	
1581	1582	
1589	1590	
1597	1598	
1093	1094	
1613	1614	
1621	1622	
2141	2142	
1637	1638	
1645	1646	
1653	1654	
1661	1662	
1157	1158	
1677	1678	
1685	1686	
2205	2206	
1701	1702	
1709	1710	
1717	1718	
1725	1726	
1221	1222	
1741	1742	
1749	1750	
2269	2270	
1765	1766	
1773	1774	
1781	1782	
1789	1790	
1285	1286	
1805	1806	
1813	1814	
2333	2334	
1829	1830	
1837	1838	
1845	1846	
1853	1854	
1349	1350	
1869	1870	
1877	1878	
2397	2398	
1893	1894	
1901	1902	
1909	1910	
1917	1918	
1413	1414	
1933	1934	
1941	1942	
2461	2462	
1957	1958	
1965	1966	
1973	1974	
1981	1982	
1477	1478	
1997	1998	
2005	2006	
2525	2526	
2021	2022	
2029	2030	
2037	2038	
2045	2046	
1029	1030	
1549	1550	
1557	1558	
2077	2078	
1573	1574	
1581	1582	
1589	1590	
1597	1598	
1093	1094	
1613	1614	
1621	1622	
2141	2142	
1637	1638	
1645	1646	
1653	1654	
1661	1662	
1157	1158	
1677	1678	
1685	1686	
2205	2206	
1701	1702	
1709	1710	
1717	1718	
1725	1726	
1221	1222	
1741	1742	
1749	1750	
2269	2270	
1765	1766	
1773	1774	
1781	1782	
1789	1790	
1285	1286	
1805	1806	
1813	1814	
2333	2334	
1829	1830	
1837	1838	
1845	1846	
1853	1854	
1349	1350	
1869	1870	
1877	1878	
2397	2398	
1893	1894	
1901	1902	
1909	1910	
1917	1918	
1413	1414	
1933	1934	
1941	1942	
2461	2462	
1957	1958	
1965	1966	
1973	1974	
1981	1982	
1477	1478	
1997	1998	
2005	2006	
2525	2526	
2021	2022	
2029	2030	
2037	2038	
2045	2046	
1029	1030	
1549	1550	
1557	1558	
2077	2078	
1573	1574	
1581	1582	
1589	1590	
1597	1598	
1093	1094	
1613	1614	
1621	1622	
2141	2142	
1637	1638	
1645	1646	
1653	1654	
1661	1662	
1157	1158	
1677	1678	
1685	1686	
2205	2206	
1701	1702	
1709	1710	
1717	1718	
1725	1726	
1221	1222	
1741	1742	
1749	1750	
2269	2270	
1765	1766	
1773	1774	
1781	1782	
1789	1790	
1285	1286	
1805	1806	
1813	1814	
2333	2334	
1829	1830	
1837	1838	
1845	1846	
1853	1854	
1349	1350	
1869	1870	
1877	1878	
2397	2398	
1893	1894	
1901	1902	
1909	1910	
1917	1918	
1413	1414	
1933	1934	
1941	1942	
2461	2462	
1957	1958	
1965	1966	
1973	1974	
1981	1982	
1477	1478	
1997	1998	
2005	2006	
2525	2526	
2021	2022	
2029	2030	
2037	2038	
2045	2046	
1029	1030	
1549	1550	
1557	1558	
2077	2078	
1573	1574	
1581	1582	
1589	1590	
1597	1598	
1093	1094	
1613	1614	
1621	1622	
2141	2142	
1637	1638	
1645	1646	
1653	1654	
1661	1662	
1157	1158	
1677	1678	
1685	1686	
2205	2206	
1701	1702	
1709	1710	
1717	1718	
1725	1726	
1221	1222	
1741	1742	
1749	1750	
2269	2270	
1765	1766	
1773	1774	
1781	1782	
1789	1790	
1285	1286	
1805	1806	
1813	1814	
2333	2334	
1829	1830	
1837	1838	
1845	1846	
1853	1854	
1349	1350	
1869	1870	
1877	1878	
2397	2398	
1893	1894	
1901	1902	
1909	1910	
1917	1918	
1413	1414	
1933	1934	
1941	1942	
2461	2462	
1957	1958	
1965	1966	
1973	1974	
1981	1982	
1477	1478	
1997	1998	
2005	2006	
2525	2526	
2021	2022	
2029	2030	
2037	2038	
2045	2046	
1029	1030	
1549	1550	
1557	1558	
2077	2078	
1573	1574	
1581	1582	
1589	1590	
1597	1598	
1093	1094	
1613	1614	
1621	1622	
2141	2142	
1637	1638	
1645	1646	
1653	1654	
1661	1662	
1157	1158	
1677	1678	
1685	1686	
2205	2206	
1701	1702	
1709	1710	
1717	1718	
1725	1726	
1221	1222	
1741	1742	
1749	1750	
2269	2270	
1765	1766	
1773	1774	
1781	1782	
1789	1790	
1285	1286	
1805	1806	
1813	1814	
2333	2334	
1829	1830	
1837	1838	
1845	1846	
1853	1854	
1349	1350	
1869	1870	
1877	1878	
2397	2398	
1893	1894	
1901	1902	
1909	1910	
1917	1918	
1413	1414	
1933	1934	
1941	1942	
2461	2462	
1957	1958	
1965	1966	
1973	1974	
1981	1982	
1477	1478	
1997	1998	
2005	2006	
2525	2526	
2021	2022	
2029	2030	
2037	2038	
2045	2046	
1029	1030	
1549	1550	
1557	1558	
2077	2078	
1573	1574	
1581	1582	
1589	1590	
1597	1598	
1093	1094	
1613	1614	
1621	1622	
2141	2142	
1637	1638	
1645	1646	
1653	1654	
1661	1662	
1157	1158	
1677	1678	
1685	1686	
2205	2206	
1701	1702	
1709	1710	
1717	1718	
1725	1726	
1221	1222	
1741	1742	
1749	1750	
2269	2270	
1765	1766	
1773	1774	
1781	1782	
1789	1790	
1285	1286	
1805	1806	
1813	1814	
2333	2334	
1829	1830	
1837	1838	
1845	1846	
1853	1854	
1349	1350	
1869	1870	
1877	1878	
2397	2398	
1893	1894	
1901	1902	
1909	1910	
1917	1918	
1413	1414	
1933	1934	
1941	1942	
2461	2462	
1957	1958	
1965	1966	
1973	1974	
1981	1982	
1477	1478	
1997	1998	
2005	2006	
2525	2526	
2021	2022	
2029	2030	
2037	2038	
2045	2046	
1029	1030	
1549	1550	
1557	1558	
2077	2078	
1573	1574	
1581	1582	
1589	1590	
1597	1598	
1093	1094	
1613	1614	
1621	1622	
2141	2142	
1637	1638	
1645	1646	
1653	1654	
1661	1662	
1157	1158	
1677	1678	
1685	1686	
2205	2206	
1701	1702	
1709	1710	
1717	1718	
1725	1726	
1221	1222	
1741	1742	
1749	1750	
2269	2270	
1765	1766	
1773	1774	
1781	1782	
1789	1790	
1285	1286	
1805	1806	
1813	1814	
2333	2334	
1829	1830	
1837	1838	
1845	1846	
1853	1854	
1349	1350	
1869	1870	
1877	1878	
2397	2398	
1893	1894	
1901	1902	
1909	1910	
1917	1918	
1413	1414	
1933	1934	
1941	1942	
2461	2462	
1957	1958	
1965	1966	
1973	1974	
1981	1982	
1477	1478	
1997	1998	
2005	2006	
2525	2526	
2021	2022	
2029	2030	
2037	2038	
2045	2046	
1541	1542	
2061	2062	
2069	2070	
2589	2590	
2085	2086	
2093	2094	
2101	2102	
2109	2110	
1605	1606	
2125	2126	
2133	2134	
2653	2654	
2149	2150	
2157	2158	
2165	2166	
2173	2174	
1669	1670	
2189	2190	
2197	2198	
2717	2718	
2213	2214	
2221	2222	
2229	2230	
2237	2238	
1733	1734	
2253	2254	
2261	2262	
2781	2782	
2277	2278	
2285	2286	
2293	2294	
2301	2302	
1797	1798	
2317	2318	
2325	2326	
2845	2846	
2341	2342	
2349	2350	
2357	2358	
2365	2366	
1861	1862	
2381	2382	
2389	2390	
2909	2910	
2405	2406	
2413	2414	
2421	2422	
2429	2430	
1925	1926	
2445	2446	
2453	2454	
2973	2974	
2469	2470	
2477	2478	
2485	2486	
2493	2494	
1989	1990	
2509	2510	
2517	2518	
3037	3038	
2533	2534	
2541	2542	
2549	2550	
2557	2558	
1541	1542	
2061	2062	
2069	2070	
2589	2590	
2085	2086	
2093	2094	
2101	2102	
2109	2110	
1605	1606	
2125	2126	
2133	2134	
2653	2654	
2149	2150	
2157	2158	
2165	2166	
2173	2174	
1669	1670	
2189	2190	
2197	2198	
2717	2718	
2213	2214	
2221	2222	
2229	2230	
2237	2238	
1733	1734	
2253	2254	
2261	2262	
2781	2782	
2277	2278	
2285	2286	
2293	2294	
2301	2302	
1797	1798	
2317	2318	
2325	2326	
2845	2846	
2341	2342	
2349	2350	
2357	2358	
2365	2366	
1861	1862	
2381	2382	
2389	2390	
2909	2910	
2405	2406	
2413	2414	
2421	2422	
2429	2430	
1925	1926	
2445	2446	
2453	2454	
2973	2974	
2469	2470	
2477	2478	
2485	2486	
2493	2494	
1989	1990	
2509	2510	
2517	2518	
3037	3038	
2533	2534	
2541	2542	
2549	2550	
2557	2558	
1541	1542	
2061	2062	
2069	2070	
2589	2590	
2085	2086	
2093	2094	
2101	2102	
2109	2110	
1605	1606	
2125	2126	
2133	2134	
2653	2654	
2149	2150	
2157	2158	
2165	2166	
2173	2174	
1669	1670	
2189	2190	
2197	2198	
2717	2718	
2213	2214	
2221	2222	
2229	2230	
2237	2238	
1733	1734	
2253	2254	
2261	2262	
2781	2782	
2277	2278	
2285	2286	
2293	2294	
2301	2302	
1797	1798	
2317	2318	
2325	2326	
2845	2846	
2341	2342	
2349	2350	
2357	2358	
2365	2366	
1861	1862	
2381	2382	
2389	2390	
2909	2910	
2405	2406	
2413	2414	
2421	2422	
2429	2430	
1925	1926	
2445	2446	
2453	2454	
2973	2974	
2469	2470	
2477	2478	
2485	2486	
2493	2494	
1989	1990	
2509	2510	
2517	2518	
3037	3038	
2533	2534	
2541	2542	
2549	2550	
2557	2558	
1541	1542	
2061	2062	
2069	2070	
2589	2590	
2085	2086	
2093	2094	
2101	2102	
2109	2110	
1605	1606	
2125	2126	
2133	2134	
2653	2654	
2149	2150	
2157	2158	
2165	2166	
2173	2174	
1669	1670	
2189	2190	
2197	2198	
2717	2718	
2213	2214	
2221	2222	
2229	2230	
2237	2238	
1733	1734	
2253	2254	
2261	2262	
2781	2782	
2277	2278	
2285	2286	
2293	2294	
2301	2302	
1797	1798	
2317	2318	
2325	2326	
2845	2846	
2341	2342	
2349	2350	
2357	2358	
2365	2366	
1861	1862	
2381	2382	
2389	2390	
2909	2910	
2405	2406	
2413	2414	
2421	2422	
2429	2430	
1925	1926	
2445	2446	
2453	2454	
2973	2974	
2469	2470	
2477	2478	
2485	2486	
2493	2494	
1989	1990	
2509	2510	
2517	2518	
3037	3038	
2533	2534	
2541	2542	
2549	2550	
2557	2558	
1541	1542	
2061	2062	
2069	2070	
2589	2590	
2085	2086	
2093	2094	
2101	2102	
2109	2110	
1605	1606	
2125	2126	
2133	2134	
2653	2654	
2149	2150	
2157	2158	
2165	2166	
2173	2174	
1669	1670	
2189	2190	
2197	2198	
2717	2718	
2213	2214	
2221	2222	
2229	2230	
2237	2238	
1733	1734	
2253	2254	
2261	2262	
2781	2782	
2277	2278	
2285	2286	
2293	2294	
2301	2302	
1797	1798	
2317	2318	
2325	2326	
2845	2846	
2341	2342	
2349	2350	
2357	2358	
2365	2366	
1861	1862	
2381	2382	
2389	2390	
2909	2910	
2405	2406	
2413	2414	
2421	2422	
2429	2430	
1925	1926	
2445	2446	
2453	2454	
2973	2974	
2469	2470	
2477	2478	
2485	2486	
2493	2494	
1989	1990	
2509	2510	
2517	2518	
3037	3038	
2533	2534	
2541	2542	
2549	2550	
2557	2558	
1541	1542	
2061	2062	
2069	2070	
2589	2590	
2085	2086	
2093	2094	
2101	2102	
2109	2110	
1605	1606	
2125	2126	
2133	2134	
2653	2654	
2149	2150	
2157	2158	
2165	2166	
2173	2174	
1669	1670	
2189	2190	
2197	2198	
2717	2718	
2213	2214	
2221	2222	
2229	2230	
2237	2238	
1733	1734	
2253	2254	
2261	2262	
2781	2782	
2277	2278	
2285	2286	
2293	2294	
2301	2302	
1797	1798	
2317	2318	
2325	2326	
2845	2846	
2341	2342	
2349	2350	
2357	2358	
2365	2366	
1861	1862	
2381	2382	
2389	2390	
2909	2910	
2405	2406	
2413	2414	
2421	2422	
2429	2430	
1925	1926	
2445	2446	
2453	2454	
2973	2974	
2469	2470	
2477	2478	
2485	2486	
2493	2494	
1989	1990	
2509	2510	
2517	2518	
3037	3038	
2533	2534	
2541	2542	
2549	2550	
2557	2558	
1541	1542	
2061	2062	
2069	2070	
2589	2590	
2085	2086	
2093	2094	
2101	2102	
2109	2110	
1605	1606	
2125	2126	
2133	2134	
2653	2654	
2149	2150	
2157	2158	
2165	2166	
2173	2174	
1669	1670	
2189	2190	
2197	2198	
2717	2718	
2213	2214	
2221	2222	
2229	2230	
2237	2238	
1733	1734	
2253	2254	
2261	2262	
2781	2782	
2277	2278	
2285	2286	
2293	2294	
2301	2302	
1797	1798	
2317	2318	
2325	2326	
2845	2846	
2341	2342	
2349	2350	
2357	2358	
2365	2366	
1861	1862	
2381	2382	
2389	2390	
2909	2910	
2405	2406	
2413	2414	
2421	2422	
2429	2430	
1925	1926	
2445	2446	
2453	2454	
2973	2974	
2469	2470	
2477	2478	
2485	2486	
2493	2494	
1989	1990	
2509	2510	
2517	2518	
3037	3038	
2533	2534	
2541	2542	
2549	2550	
2557	2558	
1541	1542	
2061	2062	
2069	2070	
2589	2590	
2085	2086	
2093	2094	
2101	2102	
2109	2110	
1605	1606	
2125	2126	
2133	2134	
2653	2654	
2149	2150	
2157	2158	
2165	2166	
2173	2174	
1669	1670	
2189	2190	
2197	2198	
2717	2718	
2213	2214	
2221	2222	
2229	2230	
2237	2238	
1733	1734	
2253	2254	
2261	2262	
2781	2782	
2277	2278	
2285	2286	
2293	2294	
2301	2302	
1797	1798	
2317	2318	
2325	2326	
2845	2846	
2341	2342	
2349	2350	
2357	2358	
2365	2366	
1861	1862	
2381	2382	
2389	2390	
2909	2910	
2405	2406	
2413	2414	
2421	2422	
2429	2430	
1925	1926	
2445	2446	
2453	2454	
2973	2974	
2469	2470	
2477	2478	
2485	2486	
2493	2494	
1989	1990	
2509	2510	
2517	2518	
3037	3038	
2533	2534	
2541	2542	
2549	2550	
2557	2558	
2053	2054	
2573	2574	
2581	2582	
3101	3102	
2597	2598	
2605	2606	
2613	2614	
2621	2622	
2117	2118	
2637	2638	
2645	2646	
3165	3166	
2661	2662	
2669	2670	
2677	2678	
2685	2686	
2181	2182	
2701	2702	
2709	2710	
3229	3230	
2725	2726	
2733	2734	
2741	2742	
2749	2750	
2245	2246	
2765	2766	
2773	2774	
3293	3294	
2789	2790	
2797	2798	
2805	2806	
2813	2814	
2309	2310	
2829	2830	
2837	2838	
3357	3358	
2853	2854	
2861	2862	
2869	2870	
2877	2878	
2373	2374	
2893	2894	
2901	2902	
3421	3422	
2917	2918	
2925	2926	
2933	2934	
2941	2942	
2437	2438	
2957	2958	
2965	2966	
3485	3486	
2981	2982	
2989	2990	
2997	2998	
3005	3006	
2501	2502	
3021	3022	
3029	3030	
3549	3550	
3045	3046	
3053	3054	
3061	3062	
3069	3070	
2053	2054	
2573	2574	
2581	2582	
3101	3102	
2597	2598	
2605	2606	
2613	2614	
2621	2622	
2117	2118	
2637	2638	
2645	2646	
3165	3166	
2661	2662	
2669	2670	
2677	2678	
2685	2686	
2181	2182	
2701	2702	
2709	2710	
3229	3230	
2725	2726	
2733	2734	
2741	2742	
2749	2750	
2245	2246	
2765	2766	
2773	2774	
3293	3294	
2789	2790	
2797	2798	
2805	2806	
2813	2814	
2309	2310	
2829	2830	
2837	2838	
3357	3358	
2853	2854	
2861	2862	
2869	2870	
2877	2878	
2373	2374	
2893	2894	
2901	2902	
3421	3422	
2917	2918	
2925	2926	
2933	2934	
2941	2942	
2437	2438	
2957	2958	
2965	2966	
3485	3486	
2981	2982	
2989	2990	
2997	2998	
3005	3006	
2501	2502	
3021	3022	
3029	3030	
3549	3550	
3045	3046	
3053	3054	
3061	3062	
3069	3070	
2053	2054	
2573	2574	
2581	2582	
3101	3102	
2597	2598	
2605	2606	
2613	2614	
2621	2622	
2117	2118	
2637	2638	
2645	2646	
3165	3166	
2661	2662	
2669	2670	
2677	2678	
2685	2686	
2181	2182	
2701	2702	
2709	2710	
3229	3230	
2725	2726	
2733	2734	
2741	2742	
2749	2750	
2245	2246	
2765	2766	
2773	2774	
3293	3294	
2789	2790	
2797	2798	
2805	2806	
2813	2814	
2309	2310	
2829	2830	
2837	2838	
3357	3358	
2853	2854	
2861	2862	
2869	2870	
2877	2878	
2373	2374	
2893	2894	
2901	2902	
3421	3422	
2917	2918	
2925	2926	
2933	2934	
2941	2942	
2437	2438	
2957	2958	
2965	2966	
3485	3486	
2981	2982	
2989	2990	
2997	2998	
3005	3006	
2501	2502	
3021	3022	
3029	3030	
3549	3550	
3045	3046	
3053	3054	
3061	3062	
3069	3070	
2053	2054	
2573	2574	
2581	2582	
3101	3102	
2597	2598	
2605	2606	
2613	2614	
2621	2622	
2117	2118	
2637	2638	
2645	2646	
3165	3166	
2661	2662	
2669	2670	
2677	2678	
2685	2686	
2181	2182	
2701	2702	
2709	2710	
3229	3230	
2725	2726	
2733	2734	
2741	2742	
2749	2750	
2245	2246	
2765	2766	
2773	2774	
3293	3294	
2789	2790	
2797	2798	
2805	2806	
2813	2814	
2309	2310	
2829	2830	
2837	2838	
3357	3358	
2853	2854	
2861	2862	
2869	2870	
2877	2878	
2373	2374	
2893	2894	
2901	2902	
3421	3422	
2917	2918	
2925	2926	
2933	2934	
2941	2942	
2437	2438	
2957	2958	
2965	2966	
3485	3486	
2981	2982	
2989	2990	
2997	2998	
3005	3006	
2501	2502	
3021	3022	
3029	3030	
3549	3550	
3045	3046	
3053	3054	
3061	3062	
3069	3070	
2053	2054	
2573	2574	
2581	2582	
3101	3102	
2597	2598	
2605	2606	
2613	2614	
2621	2622	
2117	2118	
2637	2638	
2645	2646	
3165	3166	
2661	2662	
2669	2670	
2677	2678	
2685	2686	
2181	2182	
2701	2702	
2709	2710	
3229	3230	
2725	2726	
2733	2734	
2741	2742	
2749	2750	
2245	2246	
2765	2766	
2773	2774	
3293	3294	
2789	2790	
2797	2798	
2805	2806	
2813	2814	
2309	2310	
2829	2830	
2837	2838	
3357	3358	
2853	2854	
2861	2862	
2869	2870	
2877	2878	
2373	2374	
2893	2894	
2901	2902	
3421	3422	
2917	2918	
2925	2926	
2933	2934	
2941	2942	
2437	2438	
2957	2958	
2965	2966	
3485	3486	
2981	2982	
2989	2990	
2997	2998	
3005	3006	
2501	2502	
3021	3022	
3029	3030	
3549	3550	
3045	3046	
3053	3054	
3061	3062	
3069	3070	
2053	2054	
2573	2574	
2581	2582	
3101	3102	
2597	2598	
2605	2606	
2613	2614	
2621	2622	
2117	2118	
2637	2638	
2645	2646	
3165	3166	
2661	2662	
2669	2670	
2677	2678	
2685	2686	
2181	2182	
2701	2702	
2709	2710	
3229	3230	
2725	2726	
2733	2734	
2741	2742	
2749	2750	
2245	2246	
2765	2766	
2773	2774	
3293	3294	
2789	2790	
2797	2798	
2805	2806	
2813	2814	
2309	2310	
2829	2830	
2837	2838	
3357	3358	
2853	2854	
2861	2862	
2869	2870	
2877	2878	
2373	2374	
2893	2894	
2901	2902	
3421	3422	
2917	2918	
2925	2926	
2933	2934	
2941	2942	
2437	2438	
2957	2958	
2965	2966	
3485	3486	
2981	2982	
2989	2990	
2997	2998	
3005	3006	
2501	2502	
3021	3022	
3029	3030	
3549	3550	
3045	3046	
3053	3054	
3061	3062	
3069	3070	
2053	2054	
2573	2574	
2581	2582	
3101	3102	
2597	2598	
2605	2606	
2613	2614	
2621	2622	
2117	2118	
2637	2638	
2645	2646	
3165	3166	
2661	2662	
2669	2670	
2677	2678	
2685	2686	
2181	2182	
2701	2702	
2709	2710	
3229	3230	
2725	2726	
2733	2734	
2741	2742	
2749	2750	
2245	2246	
2765	2766	
2773	2774	
3293	3294	
2789	2790	
2797	2798	
2805	2806	
2813	2814	
2309	2310	
2829	2830	
2837	2838	
3357	3358	
2853	2854	
2861	2862	
2869	2870	
2877	2878	
2373	2374	
2893	2894	
2901	2902	
3421	3422	
2917	2918	
2925	2926	
2933	2934	
2941	2942	
2437	2438	
2957	2958	
2965	2966	
3485	3486	
2981	2982	
2989	2990	
2997	2998	
3005	3006	
2501	2502	
3021	3022	
3029	3030	
3549	3550	
3045	3046	
3053	3054	
3061	3062	
3069	3070	
2053	2054	
2573	2574	
2581	2582	
3101	3102	
2597	2598	
2605	2606	
2613	2614	
2621	2622	
2117	2118	
2637	2638	
2645	2646	
3165	3166	
2661	2662	
2669	2670	
2677	2678	
2685	2686	
2181	2182	
2701	2702	
2709	2710	
3229	3230	
2725	2726	
2733	2734	
2741	2742	
2749	2750	
2245	2246	
2765	2766	
2773	2774	
3293	3294	
2789	2790	
2797	2798	
2805	2806	
2813	2814	
2309	2310	
2829	2830	
2837	2838	
3357	3358	
2853	2854	
2861	2862	
2869	2870	
2877	2878	
2373	2374	
2893	2894	
2901	2902	
3421	3422	
2917	2918	
2925	2926	
2933	2934	
2941	2942	
2437	2438	
2957	2958	
2965	2966	
3485	3486	
2981	2982	
2989	2990	
2997	2998	
3005	3006	
2501	2502	
3021	3022	
3029	3030	
3549	3550	
3045	3046	
3053	3054	
3061	3062	
3069	3070	
2565	2566	
3085	3086	
3093	3094	
3613	3614	
3109	3110	
3117	3118	
3125	3126	
3133	3134	
2629	2630	
3149	3150	
3157	3158	
3677	3678	
3173	3174	
3181	3182	
3189	3190	
3197	3198	
2693	2694	
3213	3214	
3221	3222	
3741	3742	
3237	3238	
3245	3246	
3253	3254	
3261	3262	
2757	2758	
3277	3278	
3285	3286	
3805	3806	
3301	3302	
3309	3310	
3317	3318	
3325	3326	
2821	2822	
3341	3342	
3349	3350	
3869	3870	
3365	3366	
3373	3374	
3381	3382	
3389	3390	
2885	2886	
3405	3406	
3413	3414	
3933	3934	
3429	3430	
3437	3438	
3445	3446	
3453	3454	
2949	2950	
3469	3470	
3477	3478	
3997	3998	
3493	3494	
3501	3502	
3509	3510	
3517	3518	
3013	3014	
3533	3534	
3541	3542	
4061	4062	
3557	3558	
3565	3566	
3573	3574	
3581	3582	
2565	2566	
3085	3086	
3093	3094	
3613	3614	
3109	3110	
3117	3118	
3125	3126	
3133	3134	
2629	2630	
3149	3150	
3157	3158	
3677	3678	
3173	3174	
3181	3182	
3189	3190	
3197	3198	
2693	2694	
3213	3214	
3221	3222	
3741	3742	
3237	3238	
3245	3246	
3253	3254	
3261	3262	
2757	2758	
3277	3278	
3285	3286	
3805	3806	
3301	3302	
3309	3310	
3317	3318	
3325	3326	
2821	2822	
3341	3342	
3349	3350	
3869	3870	
3365	3366	
3373	3374	
3381	3382	
3389	3390	
2885	2886	
3405	3406	
3413	3414	
3933	3934	
3429	3430	
3437	3438	
3445	3446	
3453	3454	
2949	2950	
3469	3470	
3477	3478	
3997	3998	
3493	3494	
3501	3502	
3509	3510	
3517	3518	
3013	3014	
3533	3534	
3541	3542	
4061	4062	
3557	3558	
3565	3566	
3573	3574	
3581	3582	
2565	2566	
3085	3086	
3093	3094	
3613	3614	
3109	3110	
3117	3118	
3125	3126	
3133	3134	
2629	2630	
3149	3150	
3157	3158	
3677	3678	
3173	3174	
3181	3182	
3189	3190	
3197	3198	
2693	2694	
3213	3214	
3221	3222	
3741	3742	
3237	3238	
3245	3246	
3253	3254	
3261	3262	
2757	2758	
3277	3278	
3285	3286	
3805	3806	
3301	3302	
3309	3310	
3317	3318	
3325	3326	
2821	2822	
3341	3342	
3349	3350	
3869	3870	
3365	3366	
3373	3374	
3381	3382	
3389	3390	
2885	2886	
3405	3406	
3413	3414	
3933	3934	
3429	3430	
3437	3438	
3445	3446	
3453	3454	
2949	2950	
3469	3470	
3477	3478	
3997	3998	
3493	3494	
3501	3502	
3509	3510	
3517	3518	
3013	3014	
3533	3534	
3541	3542	
4061	4062	
3557	3558	
3565	3566	
3573	3574	
3581	3582	
2565	2566	
3085	3086	
3093	3094	
3613	3614	
3109	3110	
3117	3118	
3125	3126	
3133	3134	
2629	2630	
3149	3150	
3157	3158	
3677	3678	
3173	3174	
3181	3182	
3189	3190	
3197	3198	
2693	2694	
3213	3214	
3221	3222	
3741	3742	
3237	3238	
3245	3246	
3253	3254	
3261	3262	
2757	2758	
3277	3278	
3285	3286	
3805	3806	
3301	3302	
3309	3310	
3317	3318	
3325	3326	
2821	2822	
3341	3342	
3349	3350	
3869	3870	
3365	3366	
3373	3374	
3381	3382	
3389	3390	
2885	2886	
3405	3406	
3413	3414	
3933	3934	
3429	3430	
3437	3438	
3445	3446	
3453	3454	
2949	2950	
3469	3470	
3477	3478	
3997	3998	
3493	3494	
3501	3502	
3509	3510	
3517	3518	
3013	3014	
3533	3534	
3541	3542	
4061	4062	
3557	3558	
3565	3566	
3573	3574	
3581	3582	
2565	2566	
3085	3086	
3093	3094	
3613	3614	
3109	3110	
3117	3118	
3125	3126	
3133	3134	
2629	2630	
3149	3150	
3157	3158	
3677	3678	
3173	3174	
3181	3182	
3189	3190	
3197	3198	
2693	2694	
3213	3214	
3221	3222	
3741	3742	
3237	3238	
3245	3246	
3253	3254	
3261	3262	
2757	2758	
3277	3278	
3285	3286	
3805	3806	
3301	3302	
3309	3310	
3317	3318	
3325	3326	
2821	2822	
3341	3342	
3349	3350	
3869	3870	
3365	3366	
3373	3374	
3381	3382	
3389	3390	
2885	2886	
3405	3406	
3413	3414	
3933	3934	
3429	3430	
3437	3438	
3445	3446	
3453	3454	
2949	2950	
3469	3470	
3477	3478	
3997	3998	
3493	3494	
3501	3502	
3509	3510	
3517	3518	
3013	3014	
3533	3534	
3541	3542	
4061	4062	
3557	3558	
3565	3566	
3573	3574	
3581	3582	
2565	2566	
3085	3086	
3093	3094	
3613	3614	
3109	3110	
3117	3118	
3125	3126	
3133	3134	
2629	2630	
3149	3150	
3157	3158	
3677	3678	
3173	3174	
3181	3182	
3189	3190	
3197	3198	
2693	2694	
3213	3214	
3221	3222	
3741	3742	
3237	3238	
3245	3246	
3253	3254	
3261	3262	
2757	2758	
3277	3278	
3285	3286	
3805	3806	
3301	3302	
3309	3310	
3317	3318	
3325	3326	
2821	2822	
3341	3342	
3349	3350	
3869	3870	
3365	3366	
3373	3374	
3381	3382	
3389	3390	
2885	2886	
3405	3406	
3413	3414	
3933	3934	
3429	3430	
3437	3438	
3445	3446	
3453	3454	
2949	2950	
3469	3470	
3477	3478	
3997	3998	
3493	3494	
3501	3502	
3509	3510	
3517	3518	
3013	3014	
3533	3534	
3541	3542	
4061	4062	
3557	3558	
3565	3566	
3573	3574	
3581	3582	
2565	2566	
3085	3086	
3093	3094	
3613	3614	
3109	3110	
3117	3118	
3125	3126	
3133	3134	
2629	2630	
3149	3150	
3157	3158	
3677	3678	
3173	3174	
3181	3182	
3189	3190	
3197	3198	
2693	2694	
3213	3214	
3221	3222	
3741	3742	
3237	3238	
3245	3246	
3253	3254	
3261	3262	
2757	2758	
3277	3278	
3285	3286	
3805	3806	
3301	3302	
3309	3310	
3317	3318	
3325	3326	
2821	2822	
3341	3342	
3349	3350	
3869	3870	
3365	3366	
3373	3374	
3381	3382	
3389	3390	
2885	2886	
3405	3406	
3413	3414	
3933	3934	
3429	3430	
3437	3438	
3445	3446	
3453	3454	
2949	2950	
3469	3470	
3477	3478	
3997	3998	
3493	3494	
3501	3502	
3509	3510	
3517	3518	
3013	3014	
3533	3534	
3541	3542	
4061	4062	
3557	3558	
3565	3566	
3573	3574	
3581	3582	
2565	2566	
3085	3086	
3093	3094	
3613	3614	
3109	3110	
3117	3118	
3125	3126	
3133	3134	
2629	2630	
3149	3150	
3157	3158	
3677	3678	
3173	3174	
3181	3182	
3189	3190	
3197	3198	
2693	2694	
3213	3214	
3221	3222	
3741	3742	
3237	3238	
3245	3246	
3253	3254	
3261	3262	
2757	2758	
3277	3278	
3285	3286	
3805	3806	
3301	3302	
3309	3310	
3317	3318	
3325	3326	
2821	2822	
3341	3342	
3349	3350	
3869	3870	
3365	3366	
3373	3374	
3381	3382	
3389	3390	
2885	2886	
3405	3406	
3413	3414	
3933	3934	
3429	3430	
3437	3438	
3445	3446	
3453	3454	
2949	2950	
3469	3470	
3477	3478	
3997	3998	
3493	3494	
3501	3502	
3509	3510	
3517	3518	
3013	3014	
3533	3534	
3541	3542	
4061	4062	
3557	3558	
3565	3566	
3573	3574	
3581	3582	
3077	3078	
3597	3598	
3605	3606	
2	
3621	3622	
3629	3630	
3637	3638	
3645	3646	
3141	3142	
3661	3662	
3669	3670	
2	
3685	3686	
3693	3694	
3701	3702	
3709	3710	
3205	3206	
3725	3726	
3733	3734	
2	
3749	3750	
3757	3758	
3765	3766	
3773	3774	
3269	3270	
3789	3790	
3797	3798	
2	
3813	3814	
3821	3822	
3829	3830	
3837	3838	
3333	3334	
3853	3854	
3861	3862	
2	
3877	3878	
3885	3886	
3893	3894	
3901	3902	
3397	3398	
3917	3918	
3925	3926	
2	
3941	3942	
3949	3950	
3957	3958	
3965	3966	
3461	3462	
3981	3982	
3989	3990	
2	
4005	4006	
4013	4014	
4021	4022	
4029	4030	
3525	3526	
4045	4046	
4053	4054	
2	
4069	4070	
4077	4078	
4085	4086	
4093	4094	
3077	3078	
3597	3598	
3605	3606	
2	
3621	3622	
3629	3630	
3637	3638	
3645	3646	
3141	3142	
3661	3662	
3669	3670	
2	
3685	3686	
3693	3694	
3701	3702	
3709	3710	
3205	3206	
3725	3726	
3733	3734	
2	
3749	3750	
3757	3758	
3765	3766	
3773	3774	
3269	3270	
3789	3790	
3797	3798	
2	
3813	3814	
3821	3822	
3829	3830	
3837	3838	
3333	3334	
3853	3854	
3861	3862	
2	
3877	3878	
3885	3886	
3893	3894	
3901	3902	
3397	3398	
3917	3918	
3925	3926	
2	
3941	3942	
3949	3950	
3957	3958	
3965	3966	
3461	3462	
3981	3982	
3989	3990	
2	
4005	4006	
4013	4014	
4021	4022	
4029	4030	
3525	3526	
4045	4046	
4053	4054	
2	
4069	4070	
4077	4078	
4085	4086	
4093	4094	
3077	3078	
3597	3598	
3605	3606	
2	
3621	3622	
3629	3630	
3637	3638	
3645	3646	
3141	3142	
3661	3662	
3669	3670	
2	
3685	3686	
3693	3694	
3701	3702	
3709	3710	
3205	3206	
3725	3726	
3733	3734	
2	
3749	3750	
3757	3758	
3765	3766	
3773	3774	
3269	3270	
3789	3790	
3797	3798	
2	
3813	3814	
3821	3822	
3829	3830	
3837	3838	
3333	3334	
3853	3854	
3861	3862	
2	
3877	3878	
3885	3886	
3893	3894	
3901	3902	
3397	3398	
3917	3918	
3925	3926	
2	
3941	3942	
3949	3950	
3957	3958	
3965	3966	
3461	3462	
3981	3982	
3989	3990	
2	
4005	4006	
4013	4014	
4021	4022	
4029	4030	
3525	3526	
4045	4046	
4053	4054	
2	
4069	4070	
4077	4078	
4085	4086	
4093	4094	
3077	3078	
3597	3598	
3605	3606	
2	
3621	3622	
3629	3630	
3637	3638	
3645	3646	
3141	3142	
3661	3662	
3669	3670	
2	
3685	3686	
3693	3694	
3701	3702	
3709	3710	
3205	3206	
3725	3726	
3733	3734	
2	
3749	3750	
3757	3758	
3765	3766	
3773	3774	
3269	3270	
3789	3790	
3797	3798	
2	
3813	3814	
3821	3822	
3829	3830	
3837	3838	
3333	3334	
3853	3854	
3861	3862	
2	
3877	3878	
3885	3886	
3893	3894	
3901	3902	
3397	3398	
3917	3918	
3925	3926	
2	
3941	3942	
3949	3950	
3957	3958	
3965	3966	
3461	3462	
3981	3982	
3989	3990	
2	
4005	4006	
4013	4014	
4021	4022	
4029	4030	
3525	3526	
4045	4046	
4053	4054	
2	
4069	4070	
4077	4078	
4085	4086	
4093	4094	
3077	3078	
3597	3598	
3605	3606	
2	
3621	3622	
3629	3630	
3637	3638	
3645	3646	
3141	3142	
3661	3662	
3669	3670	
2	
3685	3686	
3693	3694	
3701	3702	
3709	3710	
3205	3206	
3725	3726	
3733	3734	
2	
3749	3750	
3757	3758	
3765	3766	
3773	3774	
3269	3270	
3789	3790	
3797	3798	
2	
3813	3814	
3821	3822	
3829	3830	
3837	3838	
3333	3334	
3853	3854	
3861	3862	
2	
3877	3878	
3885	3886	
3893	3894	
3901	3902	
3397	3398	
3917	3918	
3925	3926	
2	
3941	3942	
3949	3950	
3957	3958	
3965	3966	
3461	3462	
3981	3982	
3989	3990	
2	
4005	4006	
4013	4014	
4021	4022	
4029	4030	
3525	3526	
4045	4046	
4053	4054	
2	
4069	4070	
4077	4078	
4085	4086	
4093	4094	
3077	3078	
3597	3598	
3605	3606	
2	
3621	3622	
3629	3630	
3637	3638	
3645	3646	
3141	3142	
3661	3662	
3669	3670	
2	
3685	3686	
3693	3694	
3701	3702	
3709	3710	
3205	3206	
3725	3726	
3733	3734	
2	
3749	3750	
3757	3758	
3765	3766	
3773	3774	
3269	3270	
3789	3790	
3797	3798	
2	
3813	3814	
3821	3822	
3829	3830	
3837	3838	
3333	3334	
3853	3854	
3861	3862	
2	
3877	3878	
3885	3886	
3893	3894	
3901	3902	
3397	3398	
3917	3918	
3925	3926	
2	
3941	3942	
3949	3950	
3957	3958	
3965	3966	
3461	3462	
3981	3982	
3989	3990	
2	
4005	4006	
4013	4014	
4021	4022	
4029	4030	
3525	3526	
4045	4046	
4053	4054	
2	
4069	4070	
4077	4078	
4085	4086	
4093	4094	
3077	3078	
3597	3598	
3605	3606	
2	
3621	3622	
3629	3630	
3637	3638	
3645	3646	
3141	3142	
3661	3662	
3669	3670	
2	
3685	3686	
3693	3694	
3701	3702	
3709	3710	
3205	3206	
3725	3726	
3733	3734	
2	
3749	3750	
3757	3758	
3765	3766	
3773	3774	
3269	3270	
3789	3790	
3797	3798	
2	
3813	3814	
3821	3822	
3829	3830	
3837	3838	
3333	3334	
3853	3854	
3861	3862	
2	
3877	3878	
3885	3886	
3893	3894	
3901	3902	
3397	3398	
3917	3918	
3925	3926	
2	
3941	3942	
3949	3950	
3957	3958	
3965	3966	
3461	3462	
3981	3982	
3989	3990	
2	
4005	4006	
4013	4014	
4021	4022	
4029	4030	
3525	3526	
4045	4046	
4053	4054	
2	
4069	4070	
4077	4078	
4085	4086	
4093	4094	
3077	3078	
3597	3598	
3605	3606	
2	
3621	3622	
3629	3630	
3637	3638	
3645	3646	
3141	3142	
3661	3662	
3669	3670	
2	
3685	3686	
3693	3694	
3701	3702	
3709	3710	
3205	3206	
3725	3726	
3733	3734	
2	
3749	3750	
3757	3758	
3765	3766	
3773	3774	
3269	3270	
3789	3790	
3797	3798	
2	
3813	3814	
3821	3822	
3829	3830	
3837	3838	
3333	3334	
3853	3854	
3861	3862	
2	
3877	3878	
3885	3886	
3893	3894	
3901	3902	
3397	3398	
3917	3918	
3925	3926	
2	
3941	3942	
3949	3950	
3957	3958	
3965	3966	
3461	3462	
3981	3982	
3989	3990	
2	
4005	4006	
4013	4014	
4021	4022	
4029	4030	
3525	3526	
4045	4046	
4053	4054	
2	
4069	4070	
4077	4078	
4085	4086	
4093	4094	
4109	4110	
4181	4182	
4189	4190	
4261	4262	
4205	4206	
4213	4214	
4221	4222	
4229	4230	
1029	1030	
1549	1550	
1557	1558	
2077	2078	
1573	1574	
1581	1582	
1589	1590	
1597	1598	
1093	1094	
1613	1614	
1621	1622	
2141	2142	
1637	1638	
1645	1646	
1653	1654	
1661	1662	
1157	1158	
1677	1678	
1685	1686	
2205	2206	
1701	1702	
1709	1710	
1717	1718	
1725	1726	
1221	1222	
1741	1742	
1749	1750	
2269	2270	
1765	1766	
1773	1774	
1781	1782	
1789	1790	
1285	1286	
1805	1806	
1813	1814	
2333	2334	
1829	1830	
1837	1838	
1845	1846	
1853	1854	
1349	1350	
1869	1870	
1877	1878	
2397	2398	
1893	1894	
1901	1902	
1909	1910	
1917	1918	
1413	1414	
1933	1934	
1941	1942	
2461	2462	
1957	1958	
1965	1966	
1973	1974	
1981	1982	
1477	1478	
1997	1998	
2005	2006	
2525	2526	
2021	2022	
2029	2030	
2037	2038	
2045	2046	
1541	1542	
2061	2062	
2069	2070	
2589	2590	
2085	2086	
2093	2094	
2101	2102	
2109	2110	
1605	1606	
2125	2126	
2133	2134	
2653	2654	
2149	2150	
2157	2158	
2165	2166	
2173	2174	
1669	1670	
2189	2190	
2197	2198	
2717	2718	
2213	2214	
2221	2222	
2229	2230	
2237	2238	
1733	1734	
2253	2254	
2261	2262	
2781	2782	
2277	2278	
2285	2286	
2293	2294	
2301	2302	
1797	1798	
2317	2318	
2325	2326	
2845	2846	
2341	2342	
2349	2350	
2357	2358	
2365	2366	
1861	1862	
2381	2382	
2389	2390	
2909	2910	
2405	2406	
2413	2414	
2421	2422	
2429	2430	
1925	1926	
2445	2446	
2453	2454	
2973	2974	
2469	2470	
2477	2478	
2485	2486	
2493	2494	
1989	1990	
2509	2510	
2517	2518	
3037	3038	
2533	2534	
2541	2542	
2549	2550	
2557	2558	
2053	2054	
2573	2574	
2581	2582	
3101	3102	
2597	2598	
2605	2606	
2613	2614	
2621	2622	
2117	2118	
2637	2638	
2645	2646	
3165	3166	
2661	2662	
2669	2670	
2677	2678	
2685	2686	
2181	2182	
2701	2702	
2709	2710	
3229	3230	
2725	2726	
2733	2734	
2741	2742	
2749	2750	
2245	2246	
2765	2766	
2773	2774	
3293	3294	
2789	2790	
2797	2798	
2805	2806	
2813	2814	
2309	2310	
2829	2830	
2837	2838	
3357	3358	
2853	2854	
2861	2862	
2869	2870	
2877	2878	
2373	2374	
2893	2894	
2901	2902	
3421	3422	
2917	2918	
2925	2926	
2933	2934	
2941	2942	
2437	2438	
2957	2958	
2965	2966	
3485	3486	
2981	2982	
2989	2990	
2997	2998	
3005	3006	
2501	2502	
3021	3022	
3029	3030	
3549	3550	
3045	3046	
3053	3054	
3061	3062	
3069	3070	
