4103	4104	
2	
2	
15	16	
23	24	
543	544	
39	40	
47	48	
55	56	
63	64	
2	
79	80	
87	88	
607	608	
103	104	
111	112	
119	120	
127	128	
2	
143	144	
151	152	
671	672	
167	168	
175	176	
183	184	
191	192	
2	
207	208	
215	216	
735	736	
231	232	
239	240	
247	248	
255	256	
2	
271	272	
279	280	
799	800	
295	296	
303	304	
311	312	
319	320	
2	
335	336	
343	344	
863	864	
359	360	
367	368	
375	376	
383	384	
2	
399	400	
407	408	
927	928	
423	424	
431	432	
439	440	
447	448	
2	
463	464	
471	472	
991	992	
487	488	
495	496	
503	504	
511	512	
2	
15	16	
23	24	
543	544	
39	40	
47	48	
55	56	
63	64	
2	
79	80	
87	88	
607	608	
103	104	
111	112	
119	120	
127	128	
2	
143	144	
151	152	
671	672	
167	168	
175	176	
183	184	
191	192	
2	
207	208	
215	216	
735	736	
231	232	
239	240	
247	248	
255	256	
2	
271	272	
279	280	
799	800	
295	296	
303	304	
311	312	
319	320	
2	
335	336	
343	344	
863	864	
359	360	
367	368	
375	376	
383	384	
2	
399	400	
407	408	
927	928	
423	424	
431	432	
439	440	
447	448	
2	
463	464	
471	472	
991	992	
487	488	
495	496	
503	504	
511	512	
2	
15	16	
23	24	
543	544	
39	40	
47	48	
55	56	
63	64	
2	
79	80	
87	88	
607	608	
103	104	
111	112	
119	120	
127	128	
2	
143	144	
151	152	
671	672	
167	168	
175	176	
183	184	
191	192	
2	
207	208	
215	216	
735	736	
231	232	
239	240	
247	248	
255	256	
2	
271	272	
279	280	
799	800	
295	296	
303	304	
311	312	
319	320	
2	
335	336	
343	344	
863	864	
359	360	
367	368	
375	376	
383	384	
2	
399	400	
407	408	
927	928	
423	424	
431	432	
439	440	
447	448	
2	
463	464	
471	472	
991	992	
487	488	
495	496	
503	504	
511	512	
2	
15	16	
23	24	
543	544	
39	40	
47	48	
55	56	
63	64	
2	
79	80	
87	88	
607	608	
103	104	
111	112	
119	120	
127	128	
2	
143	144	
151	152	
671	672	
167	168	
175	176	
183	184	
191	192	
2	
207	208	
215	216	
735	736	
231	232	
239	240	
247	248	
255	256	
2	
271	272	
279	280	
799	800	
295	296	
303	304	
311	312	
319	320	
2	
335	336	
343	344	
863	864	
359	360	
367	368	
375	376	
383	384	
2	
399	400	
407	408	
927	928	
423	424	
431	432	
439	440	
447	448	
2	
463	464	
471	472	
991	992	
487	488	
495	496	
503	504	
511	512	
2	
15	16	
23	24	
543	544	
39	40	
47	48	
55	56	
63	64	
2	
79	80	
87	88	
607	608	
103	104	
111	112	
119	120	
127	128	
2	
143	144	
151	152	
671	672	
167	168	
175	176	
183	184	
191	192	
2	
207	208	
215	216	
735	736	
231	232	
239	240	
247	248	
255	256	
2	
271	272	
279	280	
799	800	
295	296	
303	304	
311	312	
319	320	
2	
335	336	
343	344	
863	864	
359	360	
367	368	
375	376	
383	384	
2	
399	400	
407	408	
927	928	
423	424	
431	432	
439	440	
447	448	
2	
463	464	
471	472	
991	992	
487	488	
495	496	
503	504	
511	512	
2	
15	16	
23	24	
543	544	
39	40	
47	48	
55	56	
63	64	
2	
79	80	
87	88	
607	608	
103	104	
111	112	
119	120	
127	128	
2	
143	144	
151	152	
671	672	
167	168	
175	176	
183	184	
191	192	
2	
207	208	
215	216	
735	736	
231	232	
239	240	
247	248	
255	256	
2	
271	272	
279	280	
799	800	
295	296	
303	304	
311	312	
319	320	
2	
335	336	
343	344	
863	864	
359	360	
367	368	
375	376	
383	384	
2	
399	400	
407	408	
927	928	
423	424	
431	432	
439	440	
447	448	
2	
463	464	
471	472	
991	992	
487	488	
495	496	
503	504	
511	512	
2	
15	16	
23	24	
543	544	
39	40	
47	48	
55	56	
63	64	
2	
79	80	
87	88	
607	608	
103	104	
111	112	
119	120	
127	128	
2	
143	144	
151	152	
671	672	
167	168	
175	176	
183	184	
191	192	
2	
207	208	
215	216	
735	736	
231	232	
239	240	
247	248	
255	256	
2	
271	272	
279	280	
799	800	
295	296	
303	304	
311	312	
319	320	
2	
335	336	
343	344	
863	864	
359	360	
367	368	
375	376	
383	384	
2	
399	400	
407	408	
927	928	
423	424	
431	432	
439	440	
447	448	
2	
463	464	
471	472	
991	992	
487	488	
495	496	
503	504	
511	512	
2	
15	16	
23	24	
543	544	
39	40	
47	48	
55	56	
63	64	
2	
79	80	
87	88	
607	608	
103	104	
111	112	
119	120	
127	128	
2	
143	144	
151	152	
671	672	
167	168	
175	176	
183	184	
191	192	
2	
207	208	
215	216	
735	736	
231	232	
239	240	
247	248	
255	256	
2	
271	272	
279	280	
799	800	
295	296	
303	304	
311	312	
319	320	
2	
335	336	
343	344	
863	864	
359	360	
367	368	
375	376	
383	384	
2	
399	400	
407	408	
927	928	
423	424	
431	432	
439	440	
447	448	
2	
463	464	
471	472	
991	992	
487	488	
495	496	
503	504	
511	512	
7	8	
527	528	
535	536	
1055	1056	
551	552	
559	560	
567	568	
575	576	
71	72	
591	592	
599	600	
1119	1120	
615	616	
623	624	
631	632	
639	640	
135	136	
655	656	
663	664	
1183	1184	
679	680	
687	688	
695	696	
703	704	
199	200	
719	720	
727	728	
1247	1248	
743	744	
751	752	
759	760	
767	768	
263	264	
783	784	
791	792	
1311	1312	
807	808	
815	816	
823	824	
831	832	
327	328	
847	848	
855	856	
1375	1376	
871	872	
879	880	
887	888	
895	896	
391	392	
911	912	
919	920	
1439	1440	
935	936	
943	944	
951	952	
959	960	
455	456	
975	976	
983	984	
1503	1504	
999	1000	
1007	1008	
1015	1016	
1023	1024	
7	8	
527	528	
535	536	
1055	1056	
551	552	
559	560	
567	568	
575	576	
71	72	
591	592	
599	600	
1119	1120	
615	616	
623	624	
631	632	
639	640	
135	136	
655	656	
663	664	
1183	1184	
679	680	
687	688	
695	696	
703	704	
199	200	
719	720	
727	728	
1247	1248	
743	744	
751	752	
759	760	
767	768	
263	264	
783	784	
791	792	
1311	1312	
807	808	
815	816	
823	824	
831	832	
327	328	
847	848	
855	856	
1375	1376	
871	872	
879	880	
887	888	
895	896	
391	392	
911	912	
919	920	
1439	1440	
935	936	
943	944	
951	952	
959	960	
455	456	
975	976	
983	984	
1503	1504	
999	1000	
1007	1008	
1015	1016	
1023	1024	
7	8	
527	528	
535	536	
1055	1056	
551	552	
559	560	
567	568	
575	576	
71	72	
591	592	
599	600	
1119	1120	
615	616	
623	624	
631	632	
639	640	
135	136	
655	656	
663	664	
1183	1184	
679	680	
687	688	
695	696	
703	704	
199	200	
719	720	
727	728	
1247	1248	
743	744	
751	752	
759	760	
767	768	
263	264	
783	784	
791	792	
1311	1312	
807	808	
815	816	
823	824	
831	832	
327	328	
847	848	
855	856	
1375	1376	
871	872	
879	880	
887	888	
895	896	
391	392	
911	912	
919	920	
1439	1440	
935	936	
943	944	
951	952	
959	960	
455	456	
975	976	
983	984	
1503	1504	
999	1000	
1007	1008	
1015	1016	
1023	1024	
7	8	
527	528	
535	536	
1055	1056	
551	552	
559	560	
567	568	
575	576	
71	72	
591	592	
599	600	
1119	1120	
615	616	
623	624	
631	632	
639	640	
135	136	
655	656	
663	664	
1183	1184	
679	680	
687	688	
695	696	
703	704	
199	200	
719	720	
727	728	
1247	1248	
743	744	
751	752	
759	760	
767	768	
263	264	
783	784	
791	792	
1311	1312	
807	808	
815	816	
823	824	
831	832	
327	328	
847	848	
855	856	
1375	1376	
871	872	
879	880	
887	888	
895	896	
391	392	
911	912	
919	920	
1439	1440	
935	936	
943	944	
951	952	
959	960	
455	456	
975	976	
983	984	
1503	1504	
999	1000	
1007	1008	
1015	1016	
1023	1024	
7	8	
527	528	
535	536	
1055	1056	
551	552	
559	560	
567	568	
575	576	
71	72	
591	592	
599	600	
1119	1120	
615	616	
623	624	
631	632	
639	640	
135	136	
655	656	
663	664	
1183	1184	
679	680	
687	688	
695	696	
703	704	
199	200	
719	720	
727	728	
1247	1248	
743	744	
751	752	
759	760	
767	768	
263	264	
783	784	
791	792	
1311	1312	
807	808	
815	816	
823	824	
831	832	
327	328	
847	848	
855	856	
1375	1376	
871	872	
879	880	
887	888	
895	896	
391	392	
911	912	
919	920	
1439	1440	
935	936	
943	944	
951	952	
959	960	
455	456	
975	976	
983	984	
1503	1504	
999	1000	
1007	1008	
1015	1016	
1023	1024	
7	8	
527	528	
535	536	
1055	1056	
551	552	
559	560	
567	568	
575	576	
71	72	
591	592	
599	600	
1119	1120	
615	616	
623	624	
631	632	
639	640	
135	136	
655	656	
663	664	
1183	1184	
679	680	
687	688	
695	696	
703	704	
199	200	
719	720	
727	728	
1247	1248	
743	744	
751	752	
759	760	
767	768	
263	264	
783	784	
791	792	
1311	1312	
807	808	
815	816	
823	824	
831	832	
327	328	
847	848	
855	856	
1375	1376	
871	872	
879	880	
887	888	
895	896	
391	392	
911	912	
919	920	
1439	1440	
935	936	
943	944	
951	952	
959	960	
455	456	
975	976	
983	984	
1503	1504	
999	1000	
1007	1008	
1015	1016	
1023	1024	
7	8	
527	528	
535	536	
1055	1056	
551	552	
559	560	
567	568	
575	576	
71	72	
591	592	
599	600	
1119	1120	
615	616	
623	624	
631	632	
639	640	
135	136	
655	656	
663	664	
1183	1184	
679	680	
687	688	
695	696	
703	704	
199	200	
719	720	
727	728	
1247	1248	
743	744	
751	752	
759	760	
767	768	
263	264	
783	784	
791	792	
1311	1312	
807	808	
815	816	
823	824	
831	832	
327	328	
847	848	
855	856	
1375	1376	
871	872	
879	880	
887	888	
895	896	
391	392	
911	912	
919	920	
1439	1440	
935	936	
943	944	
951	952	
959	960	
455	456	
975	976	
983	984	
1503	1504	
999	1000	
1007	1008	
1015	1016	
1023	1024	
7	8	
527	528	
535	536	
1055	1056	
551	552	
559	560	
567	568	
575	576	
71	72	
591	592	
599	600	
1119	1120	
615	616	
623	624	
631	632	
639	640	
135	136	
655	656	
663	664	
1183	1184	
679	680	
687	688	
695	696	
703	704	
199	200	
719	720	
727	728	
1247	1248	
743	744	
751	752	
759	760	
767	768	
263	264	
783	784	
791	792	
1311	1312	
807	808	
815	816	
823	824	
831	832	
327	328	
847	848	
855	856	
1375	1376	
871	872	
879	880	
887	888	
895	896	
391	392	
911	912	
919	920	
1439	1440	
935	936	
943	944	
951	952	
959	960	
455	456	
975	976	
983	984	
1503	1504	
999	1000	
1007	1008	
1015	1016	
1023	1024	
519	520	
1039	1040	
1047	1048	
1567	1568	
1063	1064	
1071	1072	
1079	1080	
1087	1088	
583	584	
1103	1104	
1111	1112	
1631	1632	
1127	1128	
1135	1136	
1143	1144	
1151	1152	
647	648	
1167	1168	
1175	1176	
1695	1696	
1191	1192	
1199	1200	
1207	1208	
1215	1216	
711	712	
1231	1232	
1239	1240	
1759	1760	
1255	1256	
1263	1264	
1271	1272	
1279	1280	
775	776	
1295	1296	
1303	1304	
1823	1824	
1319	1320	
1327	1328	
1335	1336	
1343	1344	
839	840	
1359	1360	
1367	1368	
1887	1888	
1383	1384	
1391	1392	
1399	1400	
1407	1408	
903	904	
1423	1424	
1431	1432	
1951	1952	
1447	1448	
1455	1456	
1463	1464	
1471	1472	
967	968	
1487	1488	
1495	1496	
2015	2016	
1511	1512	
1519	1520	
1527	1528	
1535	1536	
519	520	
1039	1040	
1047	1048	
1567	1568	
1063	1064	
1071	1072	
1079	1080	
1087	1088	
583	584	
1103	1104	
1111	1112	
1631	1632	
1127	1128	
1135	1136	
1143	1144	
1151	1152	
647	648	
1167	1168	
1175	1176	
1695	1696	
1191	1192	
1199	1200	
1207	1208	
1215	1216	
711	712	
1231	1232	
1239	1240	
1759	1760	
1255	1256	
1263	1264	
1271	1272	
1279	1280	
775	776	
1295	1296	
1303	1304	
1823	1824	
1319	1320	
1327	1328	
1335	1336	
1343	1344	
839	840	
1359	1360	
1367	1368	
1887	1888	
1383	1384	
1391	1392	
1399	1400	
1407	1408	
903	904	
1423	1424	
1431	1432	
1951	1952	
1447	1448	
1455	1456	
1463	1464	
1471	1472	
967	968	
1487	1488	
1495	1496	
2015	2016	
1511	1512	
1519	1520	
1527	1528	
1535	1536	
519	520	
1039	1040	
1047	1048	
1567	1568	
1063	1064	
1071	1072	
1079	1080	
1087	1088	
583	584	
1103	1104	
1111	1112	
1631	1632	
1127	1128	
1135	1136	
1143	1144	
1151	1152	
647	648	
1167	1168	
1175	1176	
1695	1696	
1191	1192	
1199	1200	
1207	1208	
1215	1216	
711	712	
1231	1232	
1239	1240	
1759	1760	
1255	1256	
1263	1264	
1271	1272	
1279	1280	
775	776	
1295	1296	
1303	1304	
1823	1824	
1319	1320	
1327	1328	
1335	1336	
1343	1344	
839	840	
1359	1360	
1367	1368	
1887	1888	
1383	1384	
1391	1392	
1399	1400	
1407	1408	
903	904	
1423	1424	
1431	1432	
1951	1952	
1447	1448	
1455	1456	
1463	1464	
1471	1472	
967	968	
1487	1488	
1495	1496	
2015	2016	
1511	1512	
1519	1520	
1527	1528	
1535	1536	
519	520	
1039	1040	
1047	1048	
1567	1568	
1063	1064	
1071	1072	
1079	1080	
1087	1088	
583	584	
1103	1104	
1111	1112	
1631	1632	
1127	1128	
1135	1136	
1143	1144	
1151	1152	
647	648	
1167	1168	
1175	1176	
1695	1696	
1191	1192	
1199	1200	
1207	1208	
1215	1216	
711	712	
1231	1232	
1239	1240	
1759	1760	
1255	1256	
1263	1264	
1271	1272	
1279	1280	
775	776	
1295	1296	
1303	1304	
1823	1824	
1319	1320	
1327	1328	
1335	1336	
1343	1344	
839	840	
1359	1360	
1367	1368	
1887	1888	
1383	1384	
1391	1392	
1399	1400	
1407	1408	
903	904	
1423	1424	
1431	1432	
1951	1952	
1447	1448	
1455	1456	
1463	1464	
1471	1472	
967	968	
1487	1488	
1495	1496	
2015	2016	
1511	1512	
1519	1520	
1527	1528	
1535	1536	
519	520	
1039	1040	
1047	1048	
1567	1568	
1063	1064	
1071	1072	
1079	1080	
1087	1088	
583	584	
1103	1104	
1111	1112	
1631	1632	
1127	1128	
1135	1136	
1143	1144	
1151	1152	
647	648	
1167	1168	
1175	1176	
1695	1696	
1191	1192	
1199	1200	
1207	1208	
1215	1216	
711	712	
1231	1232	
1239	1240	
1759	1760	
1255	1256	
1263	1264	
1271	1272	
1279	1280	
775	776	
1295	1296	
1303	1304	
1823	1824	
1319	1320	
1327	1328	
1335	1336	
1343	1344	
839	840	
1359	1360	
1367	1368	
1887	1888	
1383	1384	
1391	1392	
1399	1400	
1407	1408	
903	904	
1423	1424	
1431	1432	
1951	1952	
1447	1448	
1455	1456	
1463	1464	
1471	1472	
967	968	
1487	1488	
1495	1496	
2015	2016	
1511	1512	
1519	1520	
1527	1528	
1535	1536	
519	520	
1039	1040	
1047	1048	
1567	1568	
1063	1064	
1071	1072	
1079	1080	
1087	1088	
583	584	
1103	1104	
1111	1112	
1631	1632	
1127	1128	
1135	1136	
1143	1144	
1151	1152	
647	648	
1167	1168	
1175	1176	
1695	1696	
1191	1192	
1199	1200	
1207	1208	
1215	1216	
711	712	
1231	1232	
1239	1240	
1759	1760	
1255	1256	
1263	1264	
1271	1272	
1279	1280	
775	776	
1295	1296	
1303	1304	
1823	1824	
1319	1320	
1327	1328	
1335	1336	
1343	1344	
839	840	
1359	1360	
1367	1368	
1887	1888	
1383	1384	
1391	1392	
1399	1400	
1407	1408	
903	904	
1423	1424	
1431	1432	
1951	1952	
1447	1448	
1455	1456	
1463	1464	
1471	1472	
967	968	
1487	1488	
1495	1496	
2015	2016	
1511	1512	
1519	1520	
1527	1528	
1535	1536	
519	520	
1039	1040	
1047	1048	
1567	1568	
1063	1064	
1071	1072	
1079	1080	
1087	1088	
583	584	
1103	1104	
1111	1112	
1631	1632	
1127	1128	
1135	1136	
1143	1144	
1151	1152	
647	648	
1167	1168	
1175	1176	
1695	1696	
1191	1192	
1199	1200	
1207	1208	
1215	1216	
711	712	
1231	1232	
1239	1240	
1759	1760	
1255	1256	
1263	1264	
1271	1272	
1279	1280	
775	776	
1295	1296	
1303	1304	
1823	1824	
1319	1320	
1327	1328	
1335	1336	
1343	1344	
839	840	
1359	1360	
1367	1368	
1887	1888	
1383	1384	
1391	1392	
1399	1400	
1407	1408	
903	904	
1423	1424	
1431	1432	
1951	1952	
1447	1448	
1455	1456	
1463	1464	
1471	1472	
967	968	
1487	1488	
1495	1496	
2015	2016	
1511	1512	
1519	1520	
1527	1528	
1535	1536	
519	520	
1039	1040	
1047	1048	
1567	1568	
1063	1064	
1071	1072	
1079	1080	
1087	1088	
583	584	
1103	1104	
1111	1112	
1631	1632	
1127	1128	
1135	1136	
1143	1144	
1151	1152	
647	648	
1167	1168	
1175	1176	
1695	1696	
1191	1192	
1199	1200	
1207	1208	
1215	1216	
711	712	
1231	1232	
1239	1240	
1759	1760	
1255	1256	
1263	1264	
1271	1272	
1279	1280	
775	776	
1295	1296	
1303	1304	
1823	1824	
1319	1320	
1327	1328	
1335	1336	
1343	1344	
839	840	
1359	1360	
1367	1368	
1887	1888	
1383	1384	
1391	1392	
1399	1400	
1407	1408	
903	904	
1423	1424	
1431	1432	
1951	1952	
1447	1448	
1455	1456	
1463	1464	
1471	1472	
967	968	
1487	1488	
1495	1496	
2015	2016	
1511	1512	
1519	1520	
1527	1528	
1535	1536	
1031	1032	
1551	1552	
1559	1560	
2079	2080	
1575	1576	
1583	1584	
1591	1592	
1599	1600	
1095	1096	
1615	1616	
1623	1624	
2143	2144	
1639	1640	
1647	1648	
1655	1656	
1663	1664	
1159	1160	
1679	1680	
1687	1688	
2207	2208	
1703	1704	
1711	1712	
1719	1720	
1727	1728	
1223	1224	
1743	1744	
1751	1752	
2271	2272	
1767	1768	
1775	1776	
1783	1784	
1791	1792	
1287	1288	
1807	1808	
1815	1816	
2335	2336	
1831	1832	
1839	1840	
1847	1848	
1855	1856	
1351	1352	
1871	1872	
1879	1880	
2399	2400	
1895	1896	
1903	1904	
1911	1912	
1919	1920	
1415	1416	
1935	1936	
1943	1944	
2463	2464	
1959	1960	
1967	1968	
1975	1976	
1983	1984	
1479	1480	
1999	2000	
2007	2008	
2527	2528	
2023	2024	
2031	2032	
2039	2040	
2047	2048	
1031	1032	
1551	1552	
1559	1560	
2079	2080	
1575	1576	
1583	1584	
1591	1592	
1599	1600	
1095	1096	
1615	1616	
1623	1624	
2143	2144	
1639	1640	
1647	1648	
1655	1656	
1663	1664	
1159	1160	
1679	1680	
1687	1688	
2207	2208	
1703	1704	
1711	1712	
1719	1720	
1727	1728	
1223	1224	
1743	1744	
1751	1752	
2271	2272	
1767	1768	
1775	1776	
1783	1784	
1791	1792	
1287	1288	
1807	1808	
1815	1816	
2335	2336	
1831	1832	
1839	1840	
1847	1848	
1855	1856	
1351	1352	
1871	1872	
1879	1880	
2399	2400	
1895	1896	
1903	1904	
1911	1912	
1919	1920	
1415	1416	
1935	1936	
1943	1944	
2463	2464	
1959	1960	
1967	1968	
1975	1976	
1983	1984	
1479	1480	
1999	2000	
2007	2008	
2527	2528	
2023	2024	
2031	2032	
2039	2040	
2047	2048	
1031	1032	
1551	1552	
1559	1560	
2079	2080	
1575	1576	
1583	1584	
1591	1592	
1599	1600	
1095	1096	
1615	1616	
1623	1624	
2143	2144	
1639	1640	
1647	1648	
1655	1656	
1663	1664	
1159	1160	
1679	1680	
1687	1688	
2207	2208	
1703	1704	
1711	1712	
1719	1720	
1727	1728	
1223	1224	
1743	1744	
1751	1752	
2271	2272	
1767	1768	
1775	1776	
1783	1784	
1791	1792	
1287	1288	
1807	1808	
1815	1816	
2335	2336	
1831	1832	
1839	1840	
1847	1848	
1855	1856	
1351	1352	
1871	1872	
1879	1880	
2399	2400	
1895	1896	
1903	1904	
1911	1912	
1919	1920	
1415	1416	
1935	1936	
1943	1944	
2463	2464	
1959	1960	
1967	1968	
1975	1976	
1983	1984	
1479	1480	
1999	2000	
2007	2008	
2527	2528	
2023	2024	
2031	2032	
2039	2040	
2047	2048	
1031	1032	
1551	1552	
1559	1560	
2079	2080	
1575	1576	
1583	1584	
1591	1592	
1599	1600	
1095	1096	
1615	1616	
1623	1624	
2143	2144	
1639	1640	
1647	1648	
1655	1656	
1663	1664	
1159	1160	
1679	1680	
1687	1688	
2207	2208	
1703	1704	
1711	1712	
1719	1720	
1727	1728	
1223	1224	
1743	1744	
1751	1752	
2271	2272	
1767	1768	
1775	1776	
1783	1784	
1791	1792	
1287	1288	
1807	1808	
1815	1816	
2335	2336	
1831	1832	
1839	1840	
1847	1848	
1855	1856	
1351	1352	
1871	1872	
1879	1880	
2399	2400	
1895	1896	
1903	1904	
1911	1912	
1919	1920	
1415	1416	
1935	1936	
1943	1944	
2463	2464	
1959	1960	
1967	1968	
1975	1976	
1983	1984	
1479	1480	
1999	2000	
2007	2008	
2527	2528	
2023	2024	
2031	2032	
2039	2040	
2047	2048	
1031	1032	
1551	1552	
1559	1560	
2079	2080	
1575	1576	
1583	1584	
1591	1592	
1599	1600	
1095	1096	
1615	1616	
1623	1624	
2143	2144	
1639	1640	
1647	1648	
1655	1656	
1663	1664	
1159	1160	
1679	1680	
1687	1688	
2207	2208	
1703	1704	
1711	1712	
1719	1720	
1727	1728	
1223	1224	
1743	1744	
1751	1752	
2271	2272	
1767	1768	
1775	1776	
1783	1784	
1791	1792	
1287	1288	
1807	1808	
1815	1816	
2335	2336	
1831	1832	
1839	1840	
1847	1848	
1855	1856	
1351	1352	
1871	1872	
1879	1880	
2399	2400	
1895	1896	
1903	1904	
1911	1912	
1919	1920	
1415	1416	
1935	1936	
1943	1944	
2463	2464	
1959	1960	
1967	1968	
1975	1976	
1983	1984	
1479	1480	
1999	2000	
2007	2008	
2527	2528	
2023	2024	
2031	2032	
2039	2040	
2047	2048	
1031	1032	
1551	1552	
1559	1560	
2079	2080	
1575	1576	
1583	1584	
1591	1592	
1599	1600	
1095	1096	
1615	1616	
1623	1624	
2143	2144	
1639	1640	
1647	1648	
1655	1656	
1663	1664	
1159	1160	
1679	1680	
1687	1688	
2207	2208	
1703	1704	
1711	1712	
1719	1720	
1727	1728	
1223	1224	
1743	1744	
1751	1752	
2271	2272	
1767	1768	
1775	1776	
1783	1784	
1791	1792	
1287	1288	
1807	1808	
1815	1816	
2335	2336	
1831	1832	
1839	1840	
1847	1848	
1855	1856	
1351	1352	
1871	1872	
1879	1880	
2399	2400	
1895	1896	
1903	1904	
1911	1912	
1919	1920	
1415	1416	
1935	1936	
1943	1944	
2463	2464	
1959	1960	
1967	1968	
1975	1976	
1983	1984	
1479	1480	
1999	2000	
2007	2008	
2527	2528	
2023	2024	
2031	2032	
2039	2040	
2047	2048	
1031	1032	
1551	1552	
1559	1560	
2079	2080	
1575	1576	
1583	1584	
1591	1592	
1599	1600	
1095	1096	
1615	1616	
1623	1624	
2143	2144	
1639	1640	
1647	1648	
1655	1656	
1663	1664	
1159	1160	
1679	1680	
1687	1688	
2207	2208	
1703	1704	
1711	1712	
1719	1720	
1727	1728	
1223	1224	
1743	1744	
1751	1752	
2271	2272	
1767	1768	
1775	1776	
1783	1784	
1791	1792	
1287	1288	
1807	1808	
1815	1816	
2335	2336	
1831	1832	
1839	1840	
1847	1848	
1855	1856	
1351	1352	
1871	1872	
1879	1880	
2399	2400	
1895	1896	
1903	1904	
1911	1912	
1919	1920	
1415	1416	
1935	1936	
1943	1944	
2463	2464	
1959	1960	
1967	1968	
1975	1976	
1983	1984	
1479	1480	
1999	2000	
2007	2008	
2527	2528	
2023	2024	
2031	2032	
2039	2040	
2047	2048	
1031	1032	
1551	1552	
1559	1560	
2079	2080	
1575	1576	
1583	1584	
1591	1592	
1599	1600	
1095	1096	
1615	1616	
1623	1624	
2143	2144	
1639	1640	
1647	1648	
1655	1656	
1663	1664	
1159	1160	
1679	1680	
1687	1688	
2207	2208	
1703	1704	
1711	1712	
1719	1720	
1727	1728	
1223	1224	
1743	1744	
1751	1752	
2271	2272	
1767	1768	
1775	1776	
1783	1784	
1791	1792	
1287	1288	
1807	1808	
1815	1816	
2335	2336	
1831	1832	
1839	1840	
1847	1848	
1855	1856	
1351	1352	
1871	1872	
1879	1880	
2399	2400	
1895	1896	
1903	1904	
1911	1912	
1919	1920	
1415	1416	
1935	1936	
1943	1944	
2463	2464	
1959	1960	
1967	1968	
1975	1976	
1983	1984	
1479	1480	
1999	2000	
2007	2008	
2527	2528	
2023	2024	
2031	2032	
2039	2040	
2047	2048	
1543	1544	
2063	2064	
2071	2072	
2591	2592	
2087	2088	
2095	2096	
2103	2104	
2111	2112	
1607	1608	
2127	2128	
2135	2136	
2655	2656	
2151	2152	
2159	2160	
2167	2168	
2175	2176	
1671	1672	
2191	2192	
2199	2200	
2719	2720	
2215	2216	
2223	2224	
2231	2232	
2239	2240	
1735	1736	
2255	2256	
2263	2264	
2783	2784	
2279	2280	
2287	2288	
2295	2296	
2303	2304	
1799	1800	
2319	2320	
2327	2328	
2847	2848	
2343	2344	
2351	2352	
2359	2360	
2367	2368	
1863	1864	
2383	2384	
2391	2392	
2911	2912	
2407	2408	
2415	2416	
2423	2424	
2431	2432	
1927	1928	
2447	2448	
2455	2456	
2975	2976	
2471	2472	
2479	2480	
2487	2488	
2495	2496	
1991	1992	
2511	2512	
2519	2520	
3039	3040	
2535	2536	
2543	2544	
2551	2552	
2559	2560	
1543	1544	
2063	2064	
2071	2072	
2591	2592	
2087	2088	
2095	2096	
2103	2104	
2111	2112	
1607	1608	
2127	2128	
2135	2136	
2655	2656	
2151	2152	
2159	2160	
2167	2168	
2175	2176	
1671	1672	
2191	2192	
2199	2200	
2719	2720	
2215	2216	
2223	2224	
2231	2232	
2239	2240	
1735	1736	
2255	2256	
2263	2264	
2783	2784	
2279	2280	
2287	2288	
2295	2296	
2303	2304	
1799	1800	
2319	2320	
2327	2328	
2847	2848	
2343	2344	
2351	2352	
2359	2360	
2367	2368	
1863	1864	
2383	2384	
2391	2392	
2911	2912	
2407	2408	
2415	2416	
2423	2424	
2431	2432	
1927	1928	
2447	2448	
2455	2456	
2975	2976	
2471	2472	
2479	2480	
2487	2488	
2495	2496	
1991	1992	
2511	2512	
2519	2520	
3039	3040	
2535	2536	
2543	2544	
2551	2552	
2559	2560	
1543	1544	
2063	2064	
2071	2072	
2591	2592	
2087	2088	
2095	2096	
2103	2104	
2111	2112	
1607	1608	
2127	2128	
2135	2136	
2655	2656	
2151	2152	
2159	2160	
2167	2168	
2175	2176	
1671	1672	
2191	2192	
2199	2200	
2719	2720	
2215	2216	
2223	2224	
2231	2232	
2239	2240	
1735	1736	
2255	2256	
2263	2264	
2783	2784	
2279	2280	
2287	2288	
2295	2296	
2303	2304	
1799	1800	
2319	2320	
2327	2328	
2847	2848	
2343	2344	
2351	2352	
2359	2360	
2367	2368	
1863	1864	
2383	2384	
2391	2392	
2911	2912	
2407	2408	
2415	2416	
2423	2424	
2431	2432	
1927	1928	
2447	2448	
2455	2456	
2975	2976	
2471	2472	
2479	2480	
2487	2488	
2495	2496	
1991	1992	
2511	2512	
2519	2520	
3039	3040	
2535	2536	
2543	2544	
2551	2552	
2559	2560	
1543	1544	
2063	2064	
2071	2072	
2591	2592	
2087	2088	
2095	2096	
2103	2104	
2111	2112	
1607	1608	
2127	2128	
2135	2136	
2655	2656	
2151	2152	
2159	2160	
2167	2168	
2175	2176	
1671	1672	
2191	2192	
2199	2200	
2719	2720	
2215	2216	
2223	2224	
2231	2232	
2239	2240	
1735	1736	
2255	2256	
2263	2264	
2783	2784	
2279	2280	
2287	2288	
2295	2296	
2303	2304	
1799	1800	
2319	2320	
2327	2328	
2847	2848	
2343	2344	
2351	2352	
2359	2360	
2367	2368	
1863	1864	
2383	2384	
2391	2392	
2911	2912	
2407	2408	
2415	2416	
2423	2424	
2431	2432	
1927	1928	
2447	2448	
2455	2456	
2975	2976	
2471	2472	
2479	2480	
2487	2488	
2495	2496	
1991	1992	
2511	2512	
2519	2520	
3039	3040	
2535	2536	
2543	2544	
2551	2552	
2559	2560	
1543	1544	
2063	2064	
2071	2072	
2591	2592	
2087	2088	
2095	2096	
2103	2104	
2111	2112	
1607	1608	
2127	2128	
2135	2136	
2655	2656	
2151	2152	
2159	2160	
2167	2168	
2175	2176	
1671	1672	
2191	2192	
2199	2200	
2719	2720	
2215	2216	
2223	2224	
2231	2232	
2239	2240	
1735	1736	
2255	2256	
2263	2264	
2783	2784	
2279	2280	
2287	2288	
2295	2296	
2303	2304	
1799	1800	
2319	2320	
2327	2328	
2847	2848	
2343	2344	
2351	2352	
2359	2360	
2367	2368	
1863	1864	
2383	2384	
2391	2392	
2911	2912	
2407	2408	
2415	2416	
2423	2424	
2431	2432	
1927	1928	
2447	2448	
2455	2456	
2975	2976	
2471	2472	
2479	2480	
2487	2488	
2495	2496	
1991	1992	
2511	2512	
2519	2520	
3039	3040	
2535	2536	
2543	2544	
2551	2552	
2559	2560	
1543	1544	
2063	2064	
2071	2072	
2591	2592	
2087	2088	
2095	2096	
2103	2104	
2111	2112	
1607	1608	
2127	2128	
2135	2136	
2655	2656	
2151	2152	
2159	2160	
2167	2168	
2175	2176	
1671	1672	
2191	2192	
2199	2200	
2719	2720	
2215	2216	
2223	2224	
2231	2232	
2239	2240	
1735	1736	
2255	2256	
2263	2264	
2783	2784	
2279	2280	
2287	2288	
2295	2296	
2303	2304	
1799	1800	
2319	2320	
2327	2328	
2847	2848	
2343	2344	
2351	2352	
2359	2360	
2367	2368	
1863	1864	
2383	2384	
2391	2392	
2911	2912	
2407	2408	
2415	2416	
2423	2424	
2431	2432	
1927	1928	
2447	2448	
2455	2456	
2975	2976	
2471	2472	
2479	2480	
2487	2488	
2495	2496	
1991	1992	
2511	2512	
2519	2520	
3039	3040	
2535	2536	
2543	2544	
2551	2552	
2559	2560	
1543	1544	
2063	2064	
2071	2072	
2591	2592	
2087	2088	
2095	2096	
2103	2104	
2111	2112	
1607	1608	
2127	2128	
2135	2136	
2655	2656	
2151	2152	
2159	2160	
2167	2168	
2175	2176	
1671	1672	
2191	2192	
2199	2200	
2719	2720	
2215	2216	
2223	2224	
2231	2232	
2239	2240	
1735	1736	
2255	2256	
2263	2264	
2783	2784	
2279	2280	
2287	2288	
2295	2296	
2303	2304	
1799	1800	
2319	2320	
2327	2328	
2847	2848	
2343	2344	
2351	2352	
2359	2360	
2367	2368	
1863	1864	
2383	2384	
2391	2392	
2911	2912	
2407	2408	
2415	2416	
2423	2424	
2431	2432	
1927	1928	
2447	2448	
2455	2456	
2975	2976	
2471	2472	
2479	2480	
2487	2488	
2495	2496	
1991	1992	
2511	2512	
2519	2520	
3039	3040	
2535	2536	
2543	2544	
2551	2552	
2559	2560	
1543	1544	
2063	2064	
2071	2072	
2591	2592	
2087	2088	
2095	2096	
2103	2104	
2111	2112	
1607	1608	
2127	2128	
2135	2136	
2655	2656	
2151	2152	
2159	2160	
2167	2168	
2175	2176	
1671	1672	
2191	2192	
2199	2200	
2719	2720	
2215	2216	
2223	2224	
2231	2232	
2239	2240	
1735	1736	
2255	2256	
2263	2264	
2783	2784	
2279	2280	
2287	2288	
2295	2296	
2303	2304	
1799	1800	
2319	2320	
2327	2328	
2847	2848	
2343	2344	
2351	2352	
2359	2360	
2367	2368	
1863	1864	
2383	2384	
2391	2392	
2911	2912	
2407	2408	
2415	2416	
2423	2424	
2431	2432	
1927	1928	
2447	2448	
2455	2456	
2975	2976	
2471	2472	
2479	2480	
2487	2488	
2495	2496	
1991	1992	
2511	2512	
2519	2520	
3039	3040	
2535	2536	
2543	2544	
2551	2552	
2559	2560	
2055	2056	
2575	2576	
2583	2584	
3103	3104	
2599	2600	
2607	2608	
2615	2616	
2623	2624	
2119	2120	
2639	2640	
2647	2648	
3167	3168	
2663	2664	
2671	2672	
2679	2680	
2687	2688	
2183	2184	
2703	2704	
2711	2712	
3231	3232	
2727	2728	
2735	2736	
2743	2744	
2751	2752	
2247	2248	
2767	2768	
2775	2776	
3295	3296	
2791	2792	
2799	2800	
2807	2808	
2815	2816	
2311	2312	
2831	2832	
2839	2840	
3359	3360	
2855	2856	
2863	2864	
2871	2872	
2879	2880	
2375	2376	
2895	2896	
2903	2904	
3423	3424	
2919	2920	
2927	2928	
2935	2936	
2943	2944	
2439	2440	
2959	2960	
2967	2968	
3487	3488	
2983	2984	
2991	2992	
2999	3000	
3007	3008	
2503	2504	
3023	3024	
3031	3032	
3551	3552	
3047	3048	
3055	3056	
3063	3064	
3071	3072	
2055	2056	
2575	2576	
2583	2584	
3103	3104	
2599	2600	
2607	2608	
2615	2616	
2623	2624	
2119	2120	
2639	2640	
2647	2648	
3167	3168	
2663	2664	
2671	2672	
2679	2680	
2687	2688	
2183	2184	
2703	2704	
2711	2712	
3231	3232	
2727	2728	
2735	2736	
2743	2744	
2751	2752	
2247	2248	
2767	2768	
2775	2776	
3295	3296	
2791	2792	
2799	2800	
2807	2808	
2815	2816	
2311	2312	
2831	2832	
2839	2840	
3359	3360	
2855	2856	
2863	2864	
2871	2872	
2879	2880	
2375	2376	
2895	2896	
2903	2904	
3423	3424	
2919	2920	
2927	2928	
2935	2936	
2943	2944	
2439	2440	
2959	2960	
2967	2968	
3487	3488	
2983	2984	
2991	2992	
2999	3000	
3007	3008	
2503	2504	
3023	3024	
3031	3032	
3551	3552	
3047	3048	
3055	3056	
3063	3064	
3071	3072	
2055	2056	
2575	2576	
2583	2584	
3103	3104	
2599	2600	
2607	2608	
2615	2616	
2623	2624	
2119	2120	
2639	2640	
2647	2648	
3167	3168	
2663	2664	
2671	2672	
2679	2680	
2687	2688	
2183	2184	
2703	2704	
2711	2712	
3231	3232	
2727	2728	
2735	2736	
2743	2744	
2751	2752	
2247	2248	
2767	2768	
2775	2776	
3295	3296	
2791	2792	
2799	2800	
2807	2808	
2815	2816	
2311	2312	
2831	2832	
2839	2840	
3359	3360	
2855	2856	
2863	2864	
2871	2872	
2879	2880	
2375	2376	
2895	2896	
2903	2904	
3423	3424	
2919	2920	
2927	2928	
2935	2936	
2943	2944	
2439	2440	
2959	2960	
2967	2968	
3487	3488	
2983	2984	
2991	2992	
2999	3000	
3007	3008	
2503	2504	
3023	3024	
3031	3032	
3551	3552	
3047	3048	
3055	3056	
3063	3064	
3071	3072	
2055	2056	
2575	2576	
2583	2584	
3103	3104	
2599	2600	
2607	2608	
2615	2616	
2623	2624	
2119	2120	
2639	2640	
2647	2648	
3167	3168	
2663	2664	
2671	2672	
2679	2680	
2687	2688	
2183	2184	
2703	2704	
2711	2712	
3231	3232	
2727	2728	
2735	2736	
2743	2744	
2751	2752	
2247	2248	
2767	2768	
2775	2776	
3295	3296	
2791	2792	
2799	2800	
2807	2808	
2815	2816	
2311	2312	
2831	2832	
2839	2840	
3359	3360	
2855	2856	
2863	2864	
2871	2872	
2879	2880	
2375	2376	
2895	2896	
2903	2904	
3423	3424	
2919	2920	
2927	2928	
2935	2936	
2943	2944	
2439	2440	
2959	2960	
2967	2968	
3487	3488	
2983	2984	
2991	2992	
2999	3000	
3007	3008	
2503	2504	
3023	3024	
3031	3032	
3551	3552	
3047	3048	
3055	3056	
3063	3064	
3071	3072	
2055	2056	
2575	2576	
2583	2584	
3103	3104	
2599	2600	
2607	2608	
2615	2616	
2623	2624	
2119	2120	
2639	2640	
2647	2648	
3167	3168	
2663	2664	
2671	2672	
2679	2680	
2687	2688	
2183	2184	
2703	2704	
2711	2712	
3231	3232	
2727	2728	
2735	2736	
2743	2744	
2751	2752	
2247	2248	
2767	2768	
2775	2776	
3295	3296	
2791	2792	
2799	2800	
2807	2808	
2815	2816	
2311	2312	
2831	2832	
2839	2840	
3359	3360	
2855	2856	
2863	2864	
2871	2872	
2879	2880	
2375	2376	
2895	2896	
2903	2904	
3423	3424	
2919	2920	
2927	2928	
2935	2936	
2943	2944	
2439	2440	
2959	2960	
2967	2968	
3487	3488	
2983	2984	
2991	2992	
2999	3000	
3007	3008	
2503	2504	
3023	3024	
3031	3032	
3551	3552	
3047	3048	
3055	3056	
3063	3064	
3071	3072	
2055	2056	
2575	2576	
2583	2584	
3103	3104	
2599	2600	
2607	2608	
2615	2616	
2623	2624	
2119	2120	
2639	2640	
2647	2648	
3167	3168	
2663	2664	
2671	2672	
2679	2680	
2687	2688	
2183	2184	
2703	2704	
2711	2712	
3231	3232	
2727	2728	
2735	2736	
2743	2744	
2751	2752	
2247	2248	
2767	2768	
2775	2776	
3295	3296	
2791	2792	
2799	2800	
2807	2808	
2815	2816	
2311	2312	
2831	2832	
2839	2840	
3359	3360	
2855	2856	
2863	2864	
2871	2872	
2879	2880	
2375	2376	
2895	2896	
2903	2904	
3423	3424	
2919	2920	
2927	2928	
2935	2936	
2943	2944	
2439	2440	
2959	2960	
2967	2968	
3487	3488	
2983	2984	
2991	2992	
2999	3000	
3007	3008	
2503	2504	
3023	3024	
3031	3032	
3551	3552	
3047	3048	
3055	3056	
3063	3064	
3071	3072	
2055	2056	
2575	2576	
2583	2584	
3103	3104	
2599	2600	
2607	2608	
2615	2616	
2623	2624	
2119	2120	
2639	2640	
2647	2648	
3167	3168	
2663	2664	
2671	2672	
2679	2680	
2687	2688	
2183	2184	
2703	2704	
2711	2712	
3231	3232	
2727	2728	
2735	2736	
2743	2744	
2751	2752	
2247	2248	
2767	2768	
2775	2776	
3295	3296	
2791	2792	
2799	2800	
2807	2808	
2815	2816	
2311	2312	
2831	2832	
2839	2840	
3359	3360	
2855	2856	
2863	2864	
2871	2872	
2879	2880	
2375	2376	
2895	2896	
2903	2904	
3423	3424	
2919	2920	
2927	2928	
2935	2936	
2943	2944	
2439	2440	
2959	2960	
2967	2968	
3487	3488	
2983	2984	
2991	2992	
2999	3000	
3007	3008	
2503	2504	
3023	3024	
3031	3032	
3551	3552	
3047	3048	
3055	3056	
3063	3064	
3071	3072	
2055	2056	
2575	2576	
2583	2584	
3103	3104	
2599	2600	
2607	2608	
2615	2616	
2623	2624	
2119	2120	
2639	2640	
2647	2648	
3167	3168	
2663	2664	
2671	2672	
2679	2680	
2687	2688	
2183	2184	
2703	2704	
2711	2712	
3231	3232	
2727	2728	
2735	2736	
2743	2744	
2751	2752	
2247	2248	
2767	2768	
2775	2776	
3295	3296	
2791	2792	
2799	2800	
2807	2808	
2815	2816	
2311	2312	
2831	2832	
2839	2840	
3359	3360	
2855	2856	
2863	2864	
2871	2872	
2879	2880	
2375	2376	
2895	2896	
2903	2904	
3423	3424	
2919	2920	
2927	2928	
2935	2936	
2943	2944	
2439	2440	
2959	2960	
2967	2968	
3487	3488	
2983	2984	
2991	2992	
2999	3000	
3007	3008	
2503	2504	
3023	3024	
3031	3032	
3551	3552	
3047	3048	
3055	3056	
3063	3064	
3071	3072	
2567	2568	
3087	3088	
3095	3096	
3615	3616	
3111	3112	
3119	3120	
3127	3128	
3135	3136	
2631	2632	
3151	3152	
3159	3160	
3679	3680	
3175	3176	
3183	3184	
3191	3192	
3199	3200	
2695	2696	
3215	3216	
3223	3224	
3743	3744	
3239	3240	
3247	3248	
3255	3256	
3263	3264	
2759	2760	
3279	3280	
3287	3288	
3807	3808	
3303	3304	
3311	3312	
3319	3320	
3327	3328	
2823	2824	
3343	3344	
3351	3352	
3871	3872	
3367	3368	
3375	3376	
3383	3384	
3391	3392	
2887	2888	
3407	3408	
3415	3416	
3935	3936	
3431	3432	
3439	3440	
3447	3448	
3455	3456	
2951	2952	
3471	3472	
3479	3480	
3999	4000	
3495	3496	
3503	3504	
3511	3512	
3519	3520	
3015	3016	
3535	3536	
3543	3544	
4063	4064	
3559	3560	
3567	3568	
3575	3576	
3583	3584	
2567	2568	
3087	3088	
3095	3096	
3615	3616	
3111	3112	
3119	3120	
3127	3128	
3135	3136	
2631	2632	
3151	3152	
3159	3160	
3679	3680	
3175	3176	
3183	3184	
3191	3192	
3199	3200	
2695	2696	
3215	3216	
3223	3224	
3743	3744	
3239	3240	
3247	3248	
3255	3256	
3263	3264	
2759	2760	
3279	3280	
3287	3288	
3807	3808	
3303	3304	
3311	3312	
3319	3320	
3327	3328	
2823	2824	
3343	3344	
3351	3352	
3871	3872	
3367	3368	
3375	3376	
3383	3384	
3391	3392	
2887	2888	
3407	3408	
3415	3416	
3935	3936	
3431	3432	
3439	3440	
3447	3448	
3455	3456	
2951	2952	
3471	3472	
3479	3480	
3999	4000	
3495	3496	
3503	3504	
3511	3512	
3519	3520	
3015	3016	
3535	3536	
3543	3544	
4063	4064	
3559	3560	
3567	3568	
3575	3576	
3583	3584	
2567	2568	
3087	3088	
3095	3096	
3615	3616	
3111	3112	
3119	3120	
3127	3128	
3135	3136	
2631	2632	
3151	3152	
3159	3160	
3679	3680	
3175	3176	
3183	3184	
3191	3192	
3199	3200	
2695	2696	
3215	3216	
3223	3224	
3743	3744	
3239	3240	
3247	3248	
3255	3256	
3263	3264	
2759	2760	
3279	3280	
3287	3288	
3807	3808	
3303	3304	
3311	3312	
3319	3320	
3327	3328	
2823	2824	
3343	3344	
3351	3352	
3871	3872	
3367	3368	
3375	3376	
3383	3384	
3391	3392	
2887	2888	
3407	3408	
3415	3416	
3935	3936	
3431	3432	
3439	3440	
3447	3448	
3455	3456	
2951	2952	
3471	3472	
3479	3480	
3999	4000	
3495	3496	
3503	3504	
3511	3512	
3519	3520	
3015	3016	
3535	3536	
3543	3544	
4063	4064	
3559	3560	
3567	3568	
3575	3576	
3583	3584	
2567	2568	
3087	3088	
3095	3096	
3615	3616	
3111	3112	
3119	3120	
3127	3128	
3135	3136	
2631	2632	
3151	3152	
3159	3160	
3679	3680	
3175	3176	
3183	3184	
3191	3192	
3199	3200	
2695	2696	
3215	3216	
3223	3224	
3743	3744	
3239	3240	
3247	3248	
3255	3256	
3263	3264	
2759	2760	
3279	3280	
3287	3288	
3807	3808	
3303	3304	
3311	3312	
3319	3320	
3327	3328	
2823	2824	
3343	3344	
3351	3352	
3871	3872	
3367	3368	
3375	3376	
3383	3384	
3391	3392	
2887	2888	
3407	3408	
3415	3416	
3935	3936	
3431	3432	
3439	3440	
3447	3448	
3455	3456	
2951	2952	
3471	3472	
3479	3480	
3999	4000	
3495	3496	
3503	3504	
3511	3512	
3519	3520	
3015	3016	
3535	3536	
3543	3544	
4063	4064	
3559	3560	
3567	3568	
3575	3576	
3583	3584	
2567	2568	
3087	3088	
3095	3096	
3615	3616	
3111	3112	
3119	3120	
3127	3128	
3135	3136	
2631	2632	
3151	3152	
3159	3160	
3679	3680	
3175	3176	
3183	3184	
3191	3192	
3199	3200	
2695	2696	
3215	3216	
3223	3224	
3743	3744	
3239	3240	
3247	3248	
3255	3256	
3263	3264	
2759	2760	
3279	3280	
3287	3288	
3807	3808	
3303	3304	
3311	3312	
3319	3320	
3327	3328	
2823	2824	
3343	3344	
3351	3352	
3871	3872	
3367	3368	
3375	3376	
3383	3384	
3391	3392	
2887	2888	
3407	3408	
3415	3416	
3935	3936	
3431	3432	
3439	3440	
3447	3448	
3455	3456	
2951	2952	
3471	3472	
3479	3480	
3999	4000	
3495	3496	
3503	3504	
3511	3512	
3519	3520	
3015	3016	
3535	3536	
3543	3544	
4063	4064	
3559	3560	
3567	3568	
3575	3576	
3583	3584	
2567	2568	
3087	3088	
3095	3096	
3615	3616	
3111	3112	
3119	3120	
3127	3128	
3135	3136	
2631	2632	
3151	3152	
3159	3160	
3679	3680	
3175	3176	
3183	3184	
3191	3192	
3199	3200	
2695	2696	
3215	3216	
3223	3224	
3743	3744	
3239	3240	
3247	3248	
3255	3256	
3263	3264	
2759	2760	
3279	3280	
3287	3288	
3807	3808	
3303	3304	
3311	3312	
3319	3320	
3327	3328	
2823	2824	
3343	3344	
3351	3352	
3871	3872	
3367	3368	
3375	3376	
3383	3384	
3391	3392	
2887	2888	
3407	3408	
3415	3416	
3935	3936	
3431	3432	
3439	3440	
3447	3448	
3455	3456	
2951	2952	
3471	3472	
3479	3480	
3999	4000	
3495	3496	
3503	3504	
3511	3512	
3519	3520	
3015	3016	
3535	3536	
3543	3544	
4063	4064	
3559	3560	
3567	3568	
3575	3576	
3583	3584	
2567	2568	
3087	3088	
3095	3096	
3615	3616	
3111	3112	
3119	3120	
3127	3128	
3135	3136	
2631	2632	
3151	3152	
3159	3160	
3679	3680	
3175	3176	
3183	3184	
3191	3192	
3199	3200	
2695	2696	
3215	3216	
3223	3224	
3743	3744	
3239	3240	
3247	3248	
3255	3256	
3263	3264	
2759	2760	
3279	3280	
3287	3288	
3807	3808	
3303	3304	
3311	3312	
3319	3320	
3327	3328	
2823	2824	
3343	3344	
3351	3352	
3871	3872	
3367	3368	
3375	3376	
3383	3384	
3391	3392	
2887	2888	
3407	3408	
3415	3416	
3935	3936	
3431	3432	
3439	3440	
3447	3448	
3455	3456	
2951	2952	
3471	3472	
3479	3480	
3999	4000	
3495	3496	
3503	3504	
3511	3512	
3519	3520	
3015	3016	
3535	3536	
3543	3544	
4063	4064	
3559	3560	
3567	3568	
3575	3576	
3583	3584	
2567	2568	
3087	3088	
3095	3096	
3615	3616	
3111	3112	
3119	3120	
3127	3128	
3135	3136	
2631	2632	
3151	3152	
3159	3160	
3679	3680	
3175	3176	
3183	3184	
3191	3192	
3199	3200	
2695	2696	
3215	3216	
3223	3224	
3743	3744	
3239	3240	
3247	3248	
3255	3256	
3263	3264	
2759	2760	
3279	3280	
3287	3288	
3807	3808	
3303	3304	
3311	3312	
3319	3320	
3327	3328	
2823	2824	
3343	3344	
3351	3352	
3871	3872	
3367	3368	
3375	3376	
3383	3384	
3391	3392	
2887	2888	
3407	3408	
3415	3416	
3935	3936	
3431	3432	
3439	3440	
3447	3448	
3455	3456	
2951	2952	
3471	3472	
3479	3480	
3999	4000	
3495	3496	
3503	3504	
3511	3512	
3519	3520	
3015	3016	
3535	3536	
3543	3544	
4063	4064	
3559	3560	
3567	3568	
3575	3576	
3583	3584	
3079	3080	
3599	3600	
3607	3608	
2	
3623	3624	
3631	3632	
3639	3640	
3647	3648	
3143	3144	
3663	3664	
3671	3672	
2	
3687	3688	
3695	3696	
3703	3704	
3711	3712	
3207	3208	
3727	3728	
3735	3736	
2	
3751	3752	
3759	3760	
3767	3768	
3775	3776	
3271	3272	
3791	3792	
3799	3800	
2	
3815	3816	
3823	3824	
3831	3832	
3839	3840	
3335	3336	
3855	3856	
3863	3864	
2	
3879	3880	
3887	3888	
3895	3896	
3903	3904	
3399	3400	
3919	3920	
3927	3928	
2	
3943	3944	
3951	3952	
3959	3960	
3967	3968	
3463	3464	
3983	3984	
3991	3992	
2	
4007	4008	
4015	4016	
4023	4024	
4031	4032	
3527	3528	
4047	4048	
4055	4056	
2	
4071	4072	
4079	4080	
4087	4088	
4095	4096	
3079	3080	
3599	3600	
3607	3608	
2	
3623	3624	
3631	3632	
3639	3640	
3647	3648	
3143	3144	
3663	3664	
3671	3672	
2	
3687	3688	
3695	3696	
3703	3704	
3711	3712	
3207	3208	
3727	3728	
3735	3736	
2	
3751	3752	
3759	3760	
3767	3768	
3775	3776	
3271	3272	
3791	3792	
3799	3800	
2	
3815	3816	
3823	3824	
3831	3832	
3839	3840	
3335	3336	
3855	3856	
3863	3864	
2	
3879	3880	
3887	3888	
3895	3896	
3903	3904	
3399	3400	
3919	3920	
3927	3928	
2	
3943	3944	
3951	3952	
3959	3960	
3967	3968	
3463	3464	
3983	3984	
3991	3992	
2	
4007	4008	
4015	4016	
4023	4024	
4031	4032	
3527	3528	
4047	4048	
4055	4056	
2	
4071	4072	
4079	4080	
4087	4088	
4095	4096	
3079	3080	
3599	3600	
3607	3608	
2	
3623	3624	
3631	3632	
3639	3640	
3647	3648	
3143	3144	
3663	3664	
3671	3672	
2	
3687	3688	
3695	3696	
3703	3704	
3711	3712	
3207	3208	
3727	3728	
3735	3736	
2	
3751	3752	
3759	3760	
3767	3768	
3775	3776	
3271	3272	
3791	3792	
3799	3800	
2	
3815	3816	
3823	3824	
3831	3832	
3839	3840	
3335	3336	
3855	3856	
3863	3864	
2	
3879	3880	
3887	3888	
3895	3896	
3903	3904	
3399	3400	
3919	3920	
3927	3928	
2	
3943	3944	
3951	3952	
3959	3960	
3967	3968	
3463	3464	
3983	3984	
3991	3992	
2	
4007	4008	
4015	4016	
4023	4024	
4031	4032	
3527	3528	
4047	4048	
4055	4056	
2	
4071	4072	
4079	4080	
4087	4088	
4095	4096	
3079	3080	
3599	3600	
3607	3608	
2	
3623	3624	
3631	3632	
3639	3640	
3647	3648	
3143	3144	
3663	3664	
3671	3672	
2	
3687	3688	
3695	3696	
3703	3704	
3711	3712	
3207	3208	
3727	3728	
3735	3736	
2	
3751	3752	
3759	3760	
3767	3768	
3775	3776	
3271	3272	
3791	3792	
3799	3800	
2	
3815	3816	
3823	3824	
3831	3832	
3839	3840	
3335	3336	
3855	3856	
3863	3864	
2	
3879	3880	
3887	3888	
3895	3896	
3903	3904	
3399	3400	
3919	3920	
3927	3928	
2	
3943	3944	
3951	3952	
3959	3960	
3967	3968	
3463	3464	
3983	3984	
3991	3992	
2	
4007	4008	
4015	4016	
4023	4024	
4031	4032	
3527	3528	
4047	4048	
4055	4056	
2	
4071	4072	
4079	4080	
4087	4088	
4095	4096	
3079	3080	
3599	3600	
3607	3608	
2	
3623	3624	
3631	3632	
3639	3640	
3647	3648	
3143	3144	
3663	3664	
3671	3672	
2	
3687	3688	
3695	3696	
3703	3704	
3711	3712	
3207	3208	
3727	3728	
3735	3736	
2	
3751	3752	
3759	3760	
3767	3768	
3775	3776	
3271	3272	
3791	3792	
3799	3800	
2	
3815	3816	
3823	3824	
3831	3832	
3839	3840	
3335	3336	
3855	3856	
3863	3864	
2	
3879	3880	
3887	3888	
3895	3896	
3903	3904	
3399	3400	
3919	3920	
3927	3928	
2	
3943	3944	
3951	3952	
3959	3960	
3967	3968	
3463	3464	
3983	3984	
3991	3992	
2	
4007	4008	
4015	4016	
4023	4024	
4031	4032	
3527	3528	
4047	4048	
4055	4056	
2	
4071	4072	
4079	4080	
4087	4088	
4095	4096	
3079	3080	
3599	3600	
3607	3608	
2	
3623	3624	
3631	3632	
3639	3640	
3647	3648	
3143	3144	
3663	3664	
3671	3672	
2	
3687	3688	
3695	3696	
3703	3704	
3711	3712	
3207	3208	
3727	3728	
3735	3736	
2	
3751	3752	
3759	3760	
3767	3768	
3775	3776	
3271	3272	
3791	3792	
3799	3800	
2	
3815	3816	
3823	3824	
3831	3832	
3839	3840	
3335	3336	
3855	3856	
3863	3864	
2	
3879	3880	
3887	3888	
3895	3896	
3903	3904	
3399	3400	
3919	3920	
3927	3928	
2	
3943	3944	
3951	3952	
3959	3960	
3967	3968	
3463	3464	
3983	3984	
3991	3992	
2	
4007	4008	
4015	4016	
4023	4024	
4031	4032	
3527	3528	
4047	4048	
4055	4056	
2	
4071	4072	
4079	4080	
4087	4088	
4095	4096	
3079	3080	
3599	3600	
3607	3608	
2	
3623	3624	
3631	3632	
3639	3640	
3647	3648	
3143	3144	
3663	3664	
3671	3672	
2	
3687	3688	
3695	3696	
3703	3704	
3711	3712	
3207	3208	
3727	3728	
3735	3736	
2	
3751	3752	
3759	3760	
3767	3768	
3775	3776	
3271	3272	
3791	3792	
3799	3800	
2	
3815	3816	
3823	3824	
3831	3832	
3839	3840	
3335	3336	
3855	3856	
3863	3864	
2	
3879	3880	
3887	3888	
3895	3896	
3903	3904	
3399	3400	
3919	3920	
3927	3928	
2	
3943	3944	
3951	3952	
3959	3960	
3967	3968	
3463	3464	
3983	3984	
3991	3992	
2	
4007	4008	
4015	4016	
4023	4024	
4031	4032	
3527	3528	
4047	4048	
4055	4056	
2	
4071	4072	
4079	4080	
4087	4088	
4095	4096	
3079	3080	
3599	3600	
3607	3608	
2	
3623	3624	
3631	3632	
3639	3640	
3647	3648	
3143	3144	
3663	3664	
3671	3672	
2	
3687	3688	
3695	3696	
3703	3704	
3711	3712	
3207	3208	
3727	3728	
3735	3736	
2	
3751	3752	
3759	3760	
3767	3768	
3775	3776	
3271	3272	
3791	3792	
3799	3800	
2	
3815	3816	
3823	3824	
3831	3832	
3839	3840	
3335	3336	
3855	3856	
3863	3864	
2	
3879	3880	
3887	3888	
3895	3896	
3903	3904	
3399	3400	
3919	3920	
3927	3928	
2	
3943	3944	
3951	3952	
3959	3960	
3967	3968	
3463	3464	
3983	3984	
3991	3992	
2	
4007	4008	
4015	4016	
4023	4024	
4031	4032	
3527	3528	
4047	4048	
4055	4056	
2	
4071	4072	
4079	4080	
4087	4088	
4095	4096	
4111	4112	
4183	4184	
4191	4192	
4263	4264	
4207	4208	
4215	4216	
4223	4224	
4231	4232	
1031	1032	
1551	1552	
1559	1560	
2079	2080	
1575	1576	
1583	1584	
1591	1592	
1599	1600	
1095	1096	
1615	1616	
1623	1624	
2143	2144	
1639	1640	
1647	1648	
1655	1656	
1663	1664	
1159	1160	
1679	1680	
1687	1688	
2207	2208	
1703	1704	
1711	1712	
1719	1720	
1727	1728	
1223	1224	
1743	1744	
1751	1752	
2271	2272	
1767	1768	
1775	1776	
1783	1784	
1791	1792	
1287	1288	
1807	1808	
1815	1816	
2335	2336	
1831	1832	
1839	1840	
1847	1848	
1855	1856	
1351	1352	
1871	1872	
1879	1880	
2399	2400	
1895	1896	
1903	1904	
1911	1912	
1919	1920	
1415	1416	
1935	1936	
1943	1944	
2463	2464	
1959	1960	
1967	1968	
1975	1976	
1983	1984	
1479	1480	
1999	2000	
2007	2008	
2527	2528	
2023	2024	
2031	2032	
2039	2040	
2047	2048	
1543	1544	
2063	2064	
2071	2072	
2591	2592	
2087	2088	
2095	2096	
2103	2104	
2111	2112	
1607	1608	
2127	2128	
2135	2136	
2655	2656	
2151	2152	
2159	2160	
2167	2168	
2175	2176	
1671	1672	
2191	2192	
2199	2200	
2719	2720	
2215	2216	
2223	2224	
2231	2232	
2239	2240	
1735	1736	
2255	2256	
2263	2264	
2783	2784	
2279	2280	
2287	2288	
2295	2296	
2303	2304	
1799	1800	
2319	2320	
2327	2328	
2847	2848	
2343	2344	
2351	2352	
2359	2360	
2367	2368	
1863	1864	
2383	2384	
2391	2392	
2911	2912	
2407	2408	
2415	2416	
2423	2424	
2431	2432	
1927	1928	
2447	2448	
2455	2456	
2975	2976	
2471	2472	
2479	2480	
2487	2488	
2495	2496	
1991	1992	
2511	2512	
2519	2520	
3039	3040	
2535	2536	
2543	2544	
2551	2552	
2559	2560	
2055	2056	
2575	2576	
2583	2584	
3103	3104	
2599	2600	
2607	2608	
2615	2616	
2623	2624	
2119	2120	
2639	2640	
2647	2648	
3167	3168	
2663	2664	
2671	2672	
2679	2680	
2687	2688	
2183	2184	
2703	2704	
2711	2712	
3231	3232	
2727	2728	
2735	2736	
2743	2744	
2751	2752	
2247	2248	
2767	2768	
2775	2776	
3295	3296	
2791	2792	
2799	2800	
2807	2808	
2815	2816	
2311	2312	
2831	2832	
2839	2840	
3359	3360	
2855	2856	
2863	2864	
2871	2872	
2879	2880	
2375	2376	
2895	2896	
2903	2904	
3423	3424	
2919	2920	
2927	2928	
2935	2936	
2943	2944	
2439	2440	
2959	2960	
2967	2968	
3487	3488	
2983	2984	
2991	2992	
2999	3000	
3007	3008	
2503	2504	
3023	3024	
3031	3032	
3551	3552	
3047	3048	
3055	3056	
3063	3064	
3071	3072	
