4099	4100	
2	
2	
11	12	
19	20	
539	540	
35	36	
43	44	
51	52	
59	60	
2	
75	76	
83	84	
603	604	
99	100	
107	108	
115	116	
123	124	
2	
139	140	
147	148	
667	668	
163	164	
171	172	
179	180	
187	188	
2	
203	204	
211	212	
731	732	
227	228	
235	236	
243	244	
251	252	
2	
267	268	
275	276	
795	796	
291	292	
299	300	
307	308	
315	316	
2	
331	332	
339	340	
859	860	
355	356	
363	364	
371	372	
379	380	
2	
395	396	
403	404	
923	924	
419	420	
427	428	
435	436	
443	444	
2	
459	460	
467	468	
987	988	
483	484	
491	492	
499	500	
507	508	
2	
11	12	
19	20	
539	540	
35	36	
43	44	
51	52	
59	60	
2	
75	76	
83	84	
603	604	
99	100	
107	108	
115	116	
123	124	
2	
139	140	
147	148	
667	668	
163	164	
171	172	
179	180	
187	188	
2	
203	204	
211	212	
731	732	
227	228	
235	236	
243	244	
251	252	
2	
267	268	
275	276	
795	796	
291	292	
299	300	
307	308	
315	316	
2	
331	332	
339	340	
859	860	
355	356	
363	364	
371	372	
379	380	
2	
395	396	
403	404	
923	924	
419	420	
427	428	
435	436	
443	444	
2	
459	460	
467	468	
987	988	
483	484	
491	492	
499	500	
507	508	
2	
11	12	
19	20	
539	540	
35	36	
43	44	
51	52	
59	60	
2	
75	76	
83	84	
603	604	
99	100	
107	108	
115	116	
123	124	
2	
139	140	
147	148	
667	668	
163	164	
171	172	
179	180	
187	188	
2	
203	204	
211	212	
731	732	
227	228	
235	236	
243	244	
251	252	
2	
267	268	
275	276	
795	796	
291	292	
299	300	
307	308	
315	316	
2	
331	332	
339	340	
859	860	
355	356	
363	364	
371	372	
379	380	
2	
395	396	
403	404	
923	924	
419	420	
427	428	
435	436	
443	444	
2	
459	460	
467	468	
987	988	
483	484	
491	492	
499	500	
507	508	
2	
11	12	
19	20	
539	540	
35	36	
43	44	
51	52	
59	60	
2	
75	76	
83	84	
603	604	
99	100	
107	108	
115	116	
123	124	
2	
139	140	
147	148	
667	668	
163	164	
171	172	
179	180	
187	188	
2	
203	204	
211	212	
731	732	
227	228	
235	236	
243	244	
251	252	
2	
267	268	
275	276	
795	796	
291	292	
299	300	
307	308	
315	316	
2	
331	332	
339	340	
859	860	
355	356	
363	364	
371	372	
379	380	
2	
395	396	
403	404	
923	924	
419	420	
427	428	
435	436	
443	444	
2	
459	460	
467	468	
987	988	
483	484	
491	492	
499	500	
507	508	
2	
11	12	
19	20	
539	540	
35	36	
43	44	
51	52	
59	60	
2	
75	76	
83	84	
603	604	
99	100	
107	108	
115	116	
123	124	
2	
139	140	
147	148	
667	668	
163	164	
171	172	
179	180	
187	188	
2	
203	204	
211	212	
731	732	
227	228	
235	236	
243	244	
251	252	
2	
267	268	
275	276	
795	796	
291	292	
299	300	
307	308	
315	316	
2	
331	332	
339	340	
859	860	
355	356	
363	364	
371	372	
379	380	
2	
395	396	
403	404	
923	924	
419	420	
427	428	
435	436	
443	444	
2	
459	460	
467	468	
987	988	
483	484	
491	492	
499	500	
507	508	
2	
11	12	
19	20	
539	540	
35	36	
43	44	
51	52	
59	60	
2	
75	76	
83	84	
603	604	
99	100	
107	108	
115	116	
123	124	
2	
139	140	
147	148	
667	668	
163	164	
171	172	
179	180	
187	188	
2	
203	204	
211	212	
731	732	
227	228	
235	236	
243	244	
251	252	
2	
267	268	
275	276	
795	796	
291	292	
299	300	
307	308	
315	316	
2	
331	332	
339	340	
859	860	
355	356	
363	364	
371	372	
379	380	
2	
395	396	
403	404	
923	924	
419	420	
427	428	
435	436	
443	444	
2	
459	460	
467	468	
987	988	
483	484	
491	492	
499	500	
507	508	
2	
11	12	
19	20	
539	540	
35	36	
43	44	
51	52	
59	60	
2	
75	76	
83	84	
603	604	
99	100	
107	108	
115	116	
123	124	
2	
139	140	
147	148	
667	668	
163	164	
171	172	
179	180	
187	188	
2	
203	204	
211	212	
731	732	
227	228	
235	236	
243	244	
251	252	
2	
267	268	
275	276	
795	796	
291	292	
299	300	
307	308	
315	316	
2	
331	332	
339	340	
859	860	
355	356	
363	364	
371	372	
379	380	
2	
395	396	
403	404	
923	924	
419	420	
427	428	
435	436	
443	444	
2	
459	460	
467	468	
987	988	
483	484	
491	492	
499	500	
507	508	
2	
11	12	
19	20	
539	540	
35	36	
43	44	
51	52	
59	60	
2	
75	76	
83	84	
603	604	
99	100	
107	108	
115	116	
123	124	
2	
139	140	
147	148	
667	668	
163	164	
171	172	
179	180	
187	188	
2	
203	204	
211	212	
731	732	
227	228	
235	236	
243	244	
251	252	
2	
267	268	
275	276	
795	796	
291	292	
299	300	
307	308	
315	316	
2	
331	332	
339	340	
859	860	
355	356	
363	364	
371	372	
379	380	
2	
395	396	
403	404	
923	924	
419	420	
427	428	
435	436	
443	444	
2	
459	460	
467	468	
987	988	
483	484	
491	492	
499	500	
507	508	
3	4	
523	524	
531	532	
1051	1052	
547	548	
555	556	
563	564	
571	572	
67	68	
587	588	
595	596	
1115	1116	
611	612	
619	620	
627	628	
635	636	
131	132	
651	652	
659	660	
1179	1180	
675	676	
683	684	
691	692	
699	700	
195	196	
715	716	
723	724	
1243	1244	
739	740	
747	748	
755	756	
763	764	
259	260	
779	780	
787	788	
1307	1308	
803	804	
811	812	
819	820	
827	828	
323	324	
843	844	
851	852	
1371	1372	
867	868	
875	876	
883	884	
891	892	
387	388	
907	908	
915	916	
1435	1436	
931	932	
939	940	
947	948	
955	956	
451	452	
971	972	
979	980	
1499	1500	
995	996	
1003	1004	
1011	1012	
1019	1020	
3	4	
523	524	
531	532	
1051	1052	
547	548	
555	556	
563	564	
571	572	
67	68	
587	588	
595	596	
1115	1116	
611	612	
619	620	
627	628	
635	636	
131	132	
651	652	
659	660	
1179	1180	
675	676	
683	684	
691	692	
699	700	
195	196	
715	716	
723	724	
1243	1244	
739	740	
747	748	
755	756	
763	764	
259	260	
779	780	
787	788	
1307	1308	
803	804	
811	812	
819	820	
827	828	
323	324	
843	844	
851	852	
1371	1372	
867	868	
875	876	
883	884	
891	892	
387	388	
907	908	
915	916	
1435	1436	
931	932	
939	940	
947	948	
955	956	
451	452	
971	972	
979	980	
1499	1500	
995	996	
1003	1004	
1011	1012	
1019	1020	
3	4	
523	524	
531	532	
1051	1052	
547	548	
555	556	
563	564	
571	572	
67	68	
587	588	
595	596	
1115	1116	
611	612	
619	620	
627	628	
635	636	
131	132	
651	652	
659	660	
1179	1180	
675	676	
683	684	
691	692	
699	700	
195	196	
715	716	
723	724	
1243	1244	
739	740	
747	748	
755	756	
763	764	
259	260	
779	780	
787	788	
1307	1308	
803	804	
811	812	
819	820	
827	828	
323	324	
843	844	
851	852	
1371	1372	
867	868	
875	876	
883	884	
891	892	
387	388	
907	908	
915	916	
1435	1436	
931	932	
939	940	
947	948	
955	956	
451	452	
971	972	
979	980	
1499	1500	
995	996	
1003	1004	
1011	1012	
1019	1020	
3	4	
523	524	
531	532	
1051	1052	
547	548	
555	556	
563	564	
571	572	
67	68	
587	588	
595	596	
1115	1116	
611	612	
619	620	
627	628	
635	636	
131	132	
651	652	
659	660	
1179	1180	
675	676	
683	684	
691	692	
699	700	
195	196	
715	716	
723	724	
1243	1244	
739	740	
747	748	
755	756	
763	764	
259	260	
779	780	
787	788	
1307	1308	
803	804	
811	812	
819	820	
827	828	
323	324	
843	844	
851	852	
1371	1372	
867	868	
875	876	
883	884	
891	892	
387	388	
907	908	
915	916	
1435	1436	
931	932	
939	940	
947	948	
955	956	
451	452	
971	972	
979	980	
1499	1500	
995	996	
1003	1004	
1011	1012	
1019	1020	
3	4	
523	524	
531	532	
1051	1052	
547	548	
555	556	
563	564	
571	572	
67	68	
587	588	
595	596	
1115	1116	
611	612	
619	620	
627	628	
635	636	
131	132	
651	652	
659	660	
1179	1180	
675	676	
683	684	
691	692	
699	700	
195	196	
715	716	
723	724	
1243	1244	
739	740	
747	748	
755	756	
763	764	
259	260	
779	780	
787	788	
1307	1308	
803	804	
811	812	
819	820	
827	828	
323	324	
843	844	
851	852	
1371	1372	
867	868	
875	876	
883	884	
891	892	
387	388	
907	908	
915	916	
1435	1436	
931	932	
939	940	
947	948	
955	956	
451	452	
971	972	
979	980	
1499	1500	
995	996	
1003	1004	
1011	1012	
1019	1020	
3	4	
523	524	
531	532	
1051	1052	
547	548	
555	556	
563	564	
571	572	
67	68	
587	588	
595	596	
1115	1116	
611	612	
619	620	
627	628	
635	636	
131	132	
651	652	
659	660	
1179	1180	
675	676	
683	684	
691	692	
699	700	
195	196	
715	716	
723	724	
1243	1244	
739	740	
747	748	
755	756	
763	764	
259	260	
779	780	
787	788	
1307	1308	
803	804	
811	812	
819	820	
827	828	
323	324	
843	844	
851	852	
1371	1372	
867	868	
875	876	
883	884	
891	892	
387	388	
907	908	
915	916	
1435	1436	
931	932	
939	940	
947	948	
955	956	
451	452	
971	972	
979	980	
1499	1500	
995	996	
1003	1004	
1011	1012	
1019	1020	
3	4	
523	524	
531	532	
1051	1052	
547	548	
555	556	
563	564	
571	572	
67	68	
587	588	
595	596	
1115	1116	
611	612	
619	620	
627	628	
635	636	
131	132	
651	652	
659	660	
1179	1180	
675	676	
683	684	
691	692	
699	700	
195	196	
715	716	
723	724	
1243	1244	
739	740	
747	748	
755	756	
763	764	
259	260	
779	780	
787	788	
1307	1308	
803	804	
811	812	
819	820	
827	828	
323	324	
843	844	
851	852	
1371	1372	
867	868	
875	876	
883	884	
891	892	
387	388	
907	908	
915	916	
1435	1436	
931	932	
939	940	
947	948	
955	956	
451	452	
971	972	
979	980	
1499	1500	
995	996	
1003	1004	
1011	1012	
1019	1020	
3	4	
523	524	
531	532	
1051	1052	
547	548	
555	556	
563	564	
571	572	
67	68	
587	588	
595	596	
1115	1116	
611	612	
619	620	
627	628	
635	636	
131	132	
651	652	
659	660	
1179	1180	
675	676	
683	684	
691	692	
699	700	
195	196	
715	716	
723	724	
1243	1244	
739	740	
747	748	
755	756	
763	764	
259	260	
779	780	
787	788	
1307	1308	
803	804	
811	812	
819	820	
827	828	
323	324	
843	844	
851	852	
1371	1372	
867	868	
875	876	
883	884	
891	892	
387	388	
907	908	
915	916	
1435	1436	
931	932	
939	940	
947	948	
955	956	
451	452	
971	972	
979	980	
1499	1500	
995	996	
1003	1004	
1011	1012	
1019	1020	
515	516	
1035	1036	
1043	1044	
1563	1564	
1059	1060	
1067	1068	
1075	1076	
1083	1084	
579	580	
1099	1100	
1107	1108	
1627	1628	
1123	1124	
1131	1132	
1139	1140	
1147	1148	
643	644	
1163	1164	
1171	1172	
1691	1692	
1187	1188	
1195	1196	
1203	1204	
1211	1212	
707	708	
1227	1228	
1235	1236	
1755	1756	
1251	1252	
1259	1260	
1267	1268	
1275	1276	
771	772	
1291	1292	
1299	1300	
1819	1820	
1315	1316	
1323	1324	
1331	1332	
1339	1340	
835	836	
1355	1356	
1363	1364	
1883	1884	
1379	1380	
1387	1388	
1395	1396	
1403	1404	
899	900	
1419	1420	
1427	1428	
1947	1948	
1443	1444	
1451	1452	
1459	1460	
1467	1468	
963	964	
1483	1484	
1491	1492	
2011	2012	
1507	1508	
1515	1516	
1523	1524	
1531	1532	
515	516	
1035	1036	
1043	1044	
1563	1564	
1059	1060	
1067	1068	
1075	1076	
1083	1084	
579	580	
1099	1100	
1107	1108	
1627	1628	
1123	1124	
1131	1132	
1139	1140	
1147	1148	
643	644	
1163	1164	
1171	1172	
1691	1692	
1187	1188	
1195	1196	
1203	1204	
1211	1212	
707	708	
1227	1228	
1235	1236	
1755	1756	
1251	1252	
1259	1260	
1267	1268	
1275	1276	
771	772	
1291	1292	
1299	1300	
1819	1820	
1315	1316	
1323	1324	
1331	1332	
1339	1340	
835	836	
1355	1356	
1363	1364	
1883	1884	
1379	1380	
1387	1388	
1395	1396	
1403	1404	
899	900	
1419	1420	
1427	1428	
1947	1948	
1443	1444	
1451	1452	
1459	1460	
1467	1468	
963	964	
1483	1484	
1491	1492	
2011	2012	
1507	1508	
1515	1516	
1523	1524	
1531	1532	
515	516	
1035	1036	
1043	1044	
1563	1564	
1059	1060	
1067	1068	
1075	1076	
1083	1084	
579	580	
1099	1100	
1107	1108	
1627	1628	
1123	1124	
1131	1132	
1139	1140	
1147	1148	
643	644	
1163	1164	
1171	1172	
1691	1692	
1187	1188	
1195	1196	
1203	1204	
1211	1212	
707	708	
1227	1228	
1235	1236	
1755	1756	
1251	1252	
1259	1260	
1267	1268	
1275	1276	
771	772	
1291	1292	
1299	1300	
1819	1820	
1315	1316	
1323	1324	
1331	1332	
1339	1340	
835	836	
1355	1356	
1363	1364	
1883	1884	
1379	1380	
1387	1388	
1395	1396	
1403	1404	
899	900	
1419	1420	
1427	1428	
1947	1948	
1443	1444	
1451	1452	
1459	1460	
1467	1468	
963	964	
1483	1484	
1491	1492	
2011	2012	
1507	1508	
1515	1516	
1523	1524	
1531	1532	
515	516	
1035	1036	
1043	1044	
1563	1564	
1059	1060	
1067	1068	
1075	1076	
1083	1084	
579	580	
1099	1100	
1107	1108	
1627	1628	
1123	1124	
1131	1132	
1139	1140	
1147	1148	
643	644	
1163	1164	
1171	1172	
1691	1692	
1187	1188	
1195	1196	
1203	1204	
1211	1212	
707	708	
1227	1228	
1235	1236	
1755	1756	
1251	1252	
1259	1260	
1267	1268	
1275	1276	
771	772	
1291	1292	
1299	1300	
1819	1820	
1315	1316	
1323	1324	
1331	1332	
1339	1340	
835	836	
1355	1356	
1363	1364	
1883	1884	
1379	1380	
1387	1388	
1395	1396	
1403	1404	
899	900	
1419	1420	
1427	1428	
1947	1948	
1443	1444	
1451	1452	
1459	1460	
1467	1468	
963	964	
1483	1484	
1491	1492	
2011	2012	
1507	1508	
1515	1516	
1523	1524	
1531	1532	
515	516	
1035	1036	
1043	1044	
1563	1564	
1059	1060	
1067	1068	
1075	1076	
1083	1084	
579	580	
1099	1100	
1107	1108	
1627	1628	
1123	1124	
1131	1132	
1139	1140	
1147	1148	
643	644	
1163	1164	
1171	1172	
1691	1692	
1187	1188	
1195	1196	
1203	1204	
1211	1212	
707	708	
1227	1228	
1235	1236	
1755	1756	
1251	1252	
1259	1260	
1267	1268	
1275	1276	
771	772	
1291	1292	
1299	1300	
1819	1820	
1315	1316	
1323	1324	
1331	1332	
1339	1340	
835	836	
1355	1356	
1363	1364	
1883	1884	
1379	1380	
1387	1388	
1395	1396	
1403	1404	
899	900	
1419	1420	
1427	1428	
1947	1948	
1443	1444	
1451	1452	
1459	1460	
1467	1468	
963	964	
1483	1484	
1491	1492	
2011	2012	
1507	1508	
1515	1516	
1523	1524	
1531	1532	
515	516	
1035	1036	
1043	1044	
1563	1564	
1059	1060	
1067	1068	
1075	1076	
1083	1084	
579	580	
1099	1100	
1107	1108	
1627	1628	
1123	1124	
1131	1132	
1139	1140	
1147	1148	
643	644	
1163	1164	
1171	1172	
1691	1692	
1187	1188	
1195	1196	
1203	1204	
1211	1212	
707	708	
1227	1228	
1235	1236	
1755	1756	
1251	1252	
1259	1260	
1267	1268	
1275	1276	
771	772	
1291	1292	
1299	1300	
1819	1820	
1315	1316	
1323	1324	
1331	1332	
1339	1340	
835	836	
1355	1356	
1363	1364	
1883	1884	
1379	1380	
1387	1388	
1395	1396	
1403	1404	
899	900	
1419	1420	
1427	1428	
1947	1948	
1443	1444	
1451	1452	
1459	1460	
1467	1468	
963	964	
1483	1484	
1491	1492	
2011	2012	
1507	1508	
1515	1516	
1523	1524	
1531	1532	
515	516	
1035	1036	
1043	1044	
1563	1564	
1059	1060	
1067	1068	
1075	1076	
1083	1084	
579	580	
1099	1100	
1107	1108	
1627	1628	
1123	1124	
1131	1132	
1139	1140	
1147	1148	
643	644	
1163	1164	
1171	1172	
1691	1692	
1187	1188	
1195	1196	
1203	1204	
1211	1212	
707	708	
1227	1228	
1235	1236	
1755	1756	
1251	1252	
1259	1260	
1267	1268	
1275	1276	
771	772	
1291	1292	
1299	1300	
1819	1820	
1315	1316	
1323	1324	
1331	1332	
1339	1340	
835	836	
1355	1356	
1363	1364	
1883	1884	
1379	1380	
1387	1388	
1395	1396	
1403	1404	
899	900	
1419	1420	
1427	1428	
1947	1948	
1443	1444	
1451	1452	
1459	1460	
1467	1468	
963	964	
1483	1484	
1491	1492	
2011	2012	
1507	1508	
1515	1516	
1523	1524	
1531	1532	
515	516	
1035	1036	
1043	1044	
1563	1564	
1059	1060	
1067	1068	
1075	1076	
1083	1084	
579	580	
1099	1100	
1107	1108	
1627	1628	
1123	1124	
1131	1132	
1139	1140	
1147	1148	
643	644	
1163	1164	
1171	1172	
1691	1692	
1187	1188	
1195	1196	
1203	1204	
1211	1212	
707	708	
1227	1228	
1235	1236	
1755	1756	
1251	1252	
1259	1260	
1267	1268	
1275	1276	
771	772	
1291	1292	
1299	1300	
1819	1820	
1315	1316	
1323	1324	
1331	1332	
1339	1340	
835	836	
1355	1356	
1363	1364	
1883	1884	
1379	1380	
1387	1388	
1395	1396	
1403	1404	
899	900	
1419	1420	
1427	1428	
1947	1948	
1443	1444	
1451	1452	
1459	1460	
1467	1468	
963	964	
1483	1484	
1491	1492	
2011	2012	
1507	1508	
1515	1516	
1523	1524	
1531	1532	
1027	1028	
1547	1548	
1555	1556	
2075	2076	
1571	1572	
1579	1580	
1587	1588	
1595	1596	
1091	1092	
1611	1612	
1619	1620	
2139	2140	
1635	1636	
1643	1644	
1651	1652	
1659	1660	
1155	1156	
1675	1676	
1683	1684	
2203	2204	
1699	1700	
1707	1708	
1715	1716	
1723	1724	
1219	1220	
1739	1740	
1747	1748	
2267	2268	
1763	1764	
1771	1772	
1779	1780	
1787	1788	
1283	1284	
1803	1804	
1811	1812	
2331	2332	
1827	1828	
1835	1836	
1843	1844	
1851	1852	
1347	1348	
1867	1868	
1875	1876	
2395	2396	
1891	1892	
1899	1900	
1907	1908	
1915	1916	
1411	1412	
1931	1932	
1939	1940	
2459	2460	
1955	1956	
1963	1964	
1971	1972	
1979	1980	
1475	1476	
1995	1996	
2003	2004	
2523	2524	
2019	2020	
2027	2028	
2035	2036	
2043	2044	
1027	1028	
1547	1548	
1555	1556	
2075	2076	
1571	1572	
1579	1580	
1587	1588	
1595	1596	
1091	1092	
1611	1612	
1619	1620	
2139	2140	
1635	1636	
1643	1644	
1651	1652	
1659	1660	
1155	1156	
1675	1676	
1683	1684	
2203	2204	
1699	1700	
1707	1708	
1715	1716	
1723	1724	
1219	1220	
1739	1740	
1747	1748	
2267	2268	
1763	1764	
1771	1772	
1779	1780	
1787	1788	
1283	1284	
1803	1804	
1811	1812	
2331	2332	
1827	1828	
1835	1836	
1843	1844	
1851	1852	
1347	1348	
1867	1868	
1875	1876	
2395	2396	
1891	1892	
1899	1900	
1907	1908	
1915	1916	
1411	1412	
1931	1932	
1939	1940	
2459	2460	
1955	1956	
1963	1964	
1971	1972	
1979	1980	
1475	1476	
1995	1996	
2003	2004	
2523	2524	
2019	2020	
2027	2028	
2035	2036	
2043	2044	
1027	1028	
1547	1548	
1555	1556	
2075	2076	
1571	1572	
1579	1580	
1587	1588	
1595	1596	
1091	1092	
1611	1612	
1619	1620	
2139	2140	
1635	1636	
1643	1644	
1651	1652	
1659	1660	
1155	1156	
1675	1676	
1683	1684	
2203	2204	
1699	1700	
1707	1708	
1715	1716	
1723	1724	
1219	1220	
1739	1740	
1747	1748	
2267	2268	
1763	1764	
1771	1772	
1779	1780	
1787	1788	
1283	1284	
1803	1804	
1811	1812	
2331	2332	
1827	1828	
1835	1836	
1843	1844	
1851	1852	
1347	1348	
1867	1868	
1875	1876	
2395	2396	
1891	1892	
1899	1900	
1907	1908	
1915	1916	
1411	1412	
1931	1932	
1939	1940	
2459	2460	
1955	1956	
1963	1964	
1971	1972	
1979	1980	
1475	1476	
1995	1996	
2003	2004	
2523	2524	
2019	2020	
2027	2028	
2035	2036	
2043	2044	
1027	1028	
1547	1548	
1555	1556	
2075	2076	
1571	1572	
1579	1580	
1587	1588	
1595	1596	
1091	1092	
1611	1612	
1619	1620	
2139	2140	
1635	1636	
1643	1644	
1651	1652	
1659	1660	
1155	1156	
1675	1676	
1683	1684	
2203	2204	
1699	1700	
1707	1708	
1715	1716	
1723	1724	
1219	1220	
1739	1740	
1747	1748	
2267	2268	
1763	1764	
1771	1772	
1779	1780	
1787	1788	
1283	1284	
1803	1804	
1811	1812	
2331	2332	
1827	1828	
1835	1836	
1843	1844	
1851	1852	
1347	1348	
1867	1868	
1875	1876	
2395	2396	
1891	1892	
1899	1900	
1907	1908	
1915	1916	
1411	1412	
1931	1932	
1939	1940	
2459	2460	
1955	1956	
1963	1964	
1971	1972	
1979	1980	
1475	1476	
1995	1996	
2003	2004	
2523	2524	
2019	2020	
2027	2028	
2035	2036	
2043	2044	
1027	1028	
1547	1548	
1555	1556	
2075	2076	
1571	1572	
1579	1580	
1587	1588	
1595	1596	
1091	1092	
1611	1612	
1619	1620	
2139	2140	
1635	1636	
1643	1644	
1651	1652	
1659	1660	
1155	1156	
1675	1676	
1683	1684	
2203	2204	
1699	1700	
1707	1708	
1715	1716	
1723	1724	
1219	1220	
1739	1740	
1747	1748	
2267	2268	
1763	1764	
1771	1772	
1779	1780	
1787	1788	
1283	1284	
1803	1804	
1811	1812	
2331	2332	
1827	1828	
1835	1836	
1843	1844	
1851	1852	
1347	1348	
1867	1868	
1875	1876	
2395	2396	
1891	1892	
1899	1900	
1907	1908	
1915	1916	
1411	1412	
1931	1932	
1939	1940	
2459	2460	
1955	1956	
1963	1964	
1971	1972	
1979	1980	
1475	1476	
1995	1996	
2003	2004	
2523	2524	
2019	2020	
2027	2028	
2035	2036	
2043	2044	
1027	1028	
1547	1548	
1555	1556	
2075	2076	
1571	1572	
1579	1580	
1587	1588	
1595	1596	
1091	1092	
1611	1612	
1619	1620	
2139	2140	
1635	1636	
1643	1644	
1651	1652	
1659	1660	
1155	1156	
1675	1676	
1683	1684	
2203	2204	
1699	1700	
1707	1708	
1715	1716	
1723	1724	
1219	1220	
1739	1740	
1747	1748	
2267	2268	
1763	1764	
1771	1772	
1779	1780	
1787	1788	
1283	1284	
1803	1804	
1811	1812	
2331	2332	
1827	1828	
1835	1836	
1843	1844	
1851	1852	
1347	1348	
1867	1868	
1875	1876	
2395	2396	
1891	1892	
1899	1900	
1907	1908	
1915	1916	
1411	1412	
1931	1932	
1939	1940	
2459	2460	
1955	1956	
1963	1964	
1971	1972	
1979	1980	
1475	1476	
1995	1996	
2003	2004	
2523	2524	
2019	2020	
2027	2028	
2035	2036	
2043	2044	
1027	1028	
1547	1548	
1555	1556	
2075	2076	
1571	1572	
1579	1580	
1587	1588	
1595	1596	
1091	1092	
1611	1612	
1619	1620	
2139	2140	
1635	1636	
1643	1644	
1651	1652	
1659	1660	
1155	1156	
1675	1676	
1683	1684	
2203	2204	
1699	1700	
1707	1708	
1715	1716	
1723	1724	
1219	1220	
1739	1740	
1747	1748	
2267	2268	
1763	1764	
1771	1772	
1779	1780	
1787	1788	
1283	1284	
1803	1804	
1811	1812	
2331	2332	
1827	1828	
1835	1836	
1843	1844	
1851	1852	
1347	1348	
1867	1868	
1875	1876	
2395	2396	
1891	1892	
1899	1900	
1907	1908	
1915	1916	
1411	1412	
1931	1932	
1939	1940	
2459	2460	
1955	1956	
1963	1964	
1971	1972	
1979	1980	
1475	1476	
1995	1996	
2003	2004	
2523	2524	
2019	2020	
2027	2028	
2035	2036	
2043	2044	
1027	1028	
1547	1548	
1555	1556	
2075	2076	
1571	1572	
1579	1580	
1587	1588	
1595	1596	
1091	1092	
1611	1612	
1619	1620	
2139	2140	
1635	1636	
1643	1644	
1651	1652	
1659	1660	
1155	1156	
1675	1676	
1683	1684	
2203	2204	
1699	1700	
1707	1708	
1715	1716	
1723	1724	
1219	1220	
1739	1740	
1747	1748	
2267	2268	
1763	1764	
1771	1772	
1779	1780	
1787	1788	
1283	1284	
1803	1804	
1811	1812	
2331	2332	
1827	1828	
1835	1836	
1843	1844	
1851	1852	
1347	1348	
1867	1868	
1875	1876	
2395	2396	
1891	1892	
1899	1900	
1907	1908	
1915	1916	
1411	1412	
1931	1932	
1939	1940	
2459	2460	
1955	1956	
1963	1964	
1971	1972	
1979	1980	
1475	1476	
1995	1996	
2003	2004	
2523	2524	
2019	2020	
2027	2028	
2035	2036	
2043	2044	
1539	1540	
2059	2060	
2067	2068	
2587	2588	
2083	2084	
2091	2092	
2099	2100	
2107	2108	
1603	1604	
2123	2124	
2131	2132	
2651	2652	
2147	2148	
2155	2156	
2163	2164	
2171	2172	
1667	1668	
2187	2188	
2195	2196	
2715	2716	
2211	2212	
2219	2220	
2227	2228	
2235	2236	
1731	1732	
2251	2252	
2259	2260	
2779	2780	
2275	2276	
2283	2284	
2291	2292	
2299	2300	
1795	1796	
2315	2316	
2323	2324	
2843	2844	
2339	2340	
2347	2348	
2355	2356	
2363	2364	
1859	1860	
2379	2380	
2387	2388	
2907	2908	
2403	2404	
2411	2412	
2419	2420	
2427	2428	
1923	1924	
2443	2444	
2451	2452	
2971	2972	
2467	2468	
2475	2476	
2483	2484	
2491	2492	
1987	1988	
2507	2508	
2515	2516	
3035	3036	
2531	2532	
2539	2540	
2547	2548	
2555	2556	
1539	1540	
2059	2060	
2067	2068	
2587	2588	
2083	2084	
2091	2092	
2099	2100	
2107	2108	
1603	1604	
2123	2124	
2131	2132	
2651	2652	
2147	2148	
2155	2156	
2163	2164	
2171	2172	
1667	1668	
2187	2188	
2195	2196	
2715	2716	
2211	2212	
2219	2220	
2227	2228	
2235	2236	
1731	1732	
2251	2252	
2259	2260	
2779	2780	
2275	2276	
2283	2284	
2291	2292	
2299	2300	
1795	1796	
2315	2316	
2323	2324	
2843	2844	
2339	2340	
2347	2348	
2355	2356	
2363	2364	
1859	1860	
2379	2380	
2387	2388	
2907	2908	
2403	2404	
2411	2412	
2419	2420	
2427	2428	
1923	1924	
2443	2444	
2451	2452	
2971	2972	
2467	2468	
2475	2476	
2483	2484	
2491	2492	
1987	1988	
2507	2508	
2515	2516	
3035	3036	
2531	2532	
2539	2540	
2547	2548	
2555	2556	
1539	1540	
2059	2060	
2067	2068	
2587	2588	
2083	2084	
2091	2092	
2099	2100	
2107	2108	
1603	1604	
2123	2124	
2131	2132	
2651	2652	
2147	2148	
2155	2156	
2163	2164	
2171	2172	
1667	1668	
2187	2188	
2195	2196	
2715	2716	
2211	2212	
2219	2220	
2227	2228	
2235	2236	
1731	1732	
2251	2252	
2259	2260	
2779	2780	
2275	2276	
2283	2284	
2291	2292	
2299	2300	
1795	1796	
2315	2316	
2323	2324	
2843	2844	
2339	2340	
2347	2348	
2355	2356	
2363	2364	
1859	1860	
2379	2380	
2387	2388	
2907	2908	
2403	2404	
2411	2412	
2419	2420	
2427	2428	
1923	1924	
2443	2444	
2451	2452	
2971	2972	
2467	2468	
2475	2476	
2483	2484	
2491	2492	
1987	1988	
2507	2508	
2515	2516	
3035	3036	
2531	2532	
2539	2540	
2547	2548	
2555	2556	
1539	1540	
2059	2060	
2067	2068	
2587	2588	
2083	2084	
2091	2092	
2099	2100	
2107	2108	
1603	1604	
2123	2124	
2131	2132	
2651	2652	
2147	2148	
2155	2156	
2163	2164	
2171	2172	
1667	1668	
2187	2188	
2195	2196	
2715	2716	
2211	2212	
2219	2220	
2227	2228	
2235	2236	
1731	1732	
2251	2252	
2259	2260	
2779	2780	
2275	2276	
2283	2284	
2291	2292	
2299	2300	
1795	1796	
2315	2316	
2323	2324	
2843	2844	
2339	2340	
2347	2348	
2355	2356	
2363	2364	
1859	1860	
2379	2380	
2387	2388	
2907	2908	
2403	2404	
2411	2412	
2419	2420	
2427	2428	
1923	1924	
2443	2444	
2451	2452	
2971	2972	
2467	2468	
2475	2476	
2483	2484	
2491	2492	
1987	1988	
2507	2508	
2515	2516	
3035	3036	
2531	2532	
2539	2540	
2547	2548	
2555	2556	
1539	1540	
2059	2060	
2067	2068	
2587	2588	
2083	2084	
2091	2092	
2099	2100	
2107	2108	
1603	1604	
2123	2124	
2131	2132	
2651	2652	
2147	2148	
2155	2156	
2163	2164	
2171	2172	
1667	1668	
2187	2188	
2195	2196	
2715	2716	
2211	2212	
2219	2220	
2227	2228	
2235	2236	
1731	1732	
2251	2252	
2259	2260	
2779	2780	
2275	2276	
2283	2284	
2291	2292	
2299	2300	
1795	1796	
2315	2316	
2323	2324	
2843	2844	
2339	2340	
2347	2348	
2355	2356	
2363	2364	
1859	1860	
2379	2380	
2387	2388	
2907	2908	
2403	2404	
2411	2412	
2419	2420	
2427	2428	
1923	1924	
2443	2444	
2451	2452	
2971	2972	
2467	2468	
2475	2476	
2483	2484	
2491	2492	
1987	1988	
2507	2508	
2515	2516	
3035	3036	
2531	2532	
2539	2540	
2547	2548	
2555	2556	
1539	1540	
2059	2060	
2067	2068	
2587	2588	
2083	2084	
2091	2092	
2099	2100	
2107	2108	
1603	1604	
2123	2124	
2131	2132	
2651	2652	
2147	2148	
2155	2156	
2163	2164	
2171	2172	
1667	1668	
2187	2188	
2195	2196	
2715	2716	
2211	2212	
2219	2220	
2227	2228	
2235	2236	
1731	1732	
2251	2252	
2259	2260	
2779	2780	
2275	2276	
2283	2284	
2291	2292	
2299	2300	
1795	1796	
2315	2316	
2323	2324	
2843	2844	
2339	2340	
2347	2348	
2355	2356	
2363	2364	
1859	1860	
2379	2380	
2387	2388	
2907	2908	
2403	2404	
2411	2412	
2419	2420	
2427	2428	
1923	1924	
2443	2444	
2451	2452	
2971	2972	
2467	2468	
2475	2476	
2483	2484	
2491	2492	
1987	1988	
2507	2508	
2515	2516	
3035	3036	
2531	2532	
2539	2540	
2547	2548	
2555	2556	
1539	1540	
2059	2060	
2067	2068	
2587	2588	
2083	2084	
2091	2092	
2099	2100	
2107	2108	
1603	1604	
2123	2124	
2131	2132	
2651	2652	
2147	2148	
2155	2156	
2163	2164	
2171	2172	
1667	1668	
2187	2188	
2195	2196	
2715	2716	
2211	2212	
2219	2220	
2227	2228	
2235	2236	
1731	1732	
2251	2252	
2259	2260	
2779	2780	
2275	2276	
2283	2284	
2291	2292	
2299	2300	
1795	1796	
2315	2316	
2323	2324	
2843	2844	
2339	2340	
2347	2348	
2355	2356	
2363	2364	
1859	1860	
2379	2380	
2387	2388	
2907	2908	
2403	2404	
2411	2412	
2419	2420	
2427	2428	
1923	1924	
2443	2444	
2451	2452	
2971	2972	
2467	2468	
2475	2476	
2483	2484	
2491	2492	
1987	1988	
2507	2508	
2515	2516	
3035	3036	
2531	2532	
2539	2540	
2547	2548	
2555	2556	
1539	1540	
2059	2060	
2067	2068	
2587	2588	
2083	2084	
2091	2092	
2099	2100	
2107	2108	
1603	1604	
2123	2124	
2131	2132	
2651	2652	
2147	2148	
2155	2156	
2163	2164	
2171	2172	
1667	1668	
2187	2188	
2195	2196	
2715	2716	
2211	2212	
2219	2220	
2227	2228	
2235	2236	
1731	1732	
2251	2252	
2259	2260	
2779	2780	
2275	2276	
2283	2284	
2291	2292	
2299	2300	
1795	1796	
2315	2316	
2323	2324	
2843	2844	
2339	2340	
2347	2348	
2355	2356	
2363	2364	
1859	1860	
2379	2380	
2387	2388	
2907	2908	
2403	2404	
2411	2412	
2419	2420	
2427	2428	
1923	1924	
2443	2444	
2451	2452	
2971	2972	
2467	2468	
2475	2476	
2483	2484	
2491	2492	
1987	1988	
2507	2508	
2515	2516	
3035	3036	
2531	2532	
2539	2540	
2547	2548	
2555	2556	
2051	2052	
2571	2572	
2579	2580	
3099	3100	
2595	2596	
2603	2604	
2611	2612	
2619	2620	
2115	2116	
2635	2636	
2643	2644	
3163	3164	
2659	2660	
2667	2668	
2675	2676	
2683	2684	
2179	2180	
2699	2700	
2707	2708	
3227	3228	
2723	2724	
2731	2732	
2739	2740	
2747	2748	
2243	2244	
2763	2764	
2771	2772	
3291	3292	
2787	2788	
2795	2796	
2803	2804	
2811	2812	
2307	2308	
2827	2828	
2835	2836	
3355	3356	
2851	2852	
2859	2860	
2867	2868	
2875	2876	
2371	2372	
2891	2892	
2899	2900	
3419	3420	
2915	2916	
2923	2924	
2931	2932	
2939	2940	
2435	2436	
2955	2956	
2963	2964	
3483	3484	
2979	2980	
2987	2988	
2995	2996	
3003	3004	
2499	2500	
3019	3020	
3027	3028	
3547	3548	
3043	3044	
3051	3052	
3059	3060	
3067	3068	
2051	2052	
2571	2572	
2579	2580	
3099	3100	
2595	2596	
2603	2604	
2611	2612	
2619	2620	
2115	2116	
2635	2636	
2643	2644	
3163	3164	
2659	2660	
2667	2668	
2675	2676	
2683	2684	
2179	2180	
2699	2700	
2707	2708	
3227	3228	
2723	2724	
2731	2732	
2739	2740	
2747	2748	
2243	2244	
2763	2764	
2771	2772	
3291	3292	
2787	2788	
2795	2796	
2803	2804	
2811	2812	
2307	2308	
2827	2828	
2835	2836	
3355	3356	
2851	2852	
2859	2860	
2867	2868	
2875	2876	
2371	2372	
2891	2892	
2899	2900	
3419	3420	
2915	2916	
2923	2924	
2931	2932	
2939	2940	
2435	2436	
2955	2956	
2963	2964	
3483	3484	
2979	2980	
2987	2988	
2995	2996	
3003	3004	
2499	2500	
3019	3020	
3027	3028	
3547	3548	
3043	3044	
3051	3052	
3059	3060	
3067	3068	
2051	2052	
2571	2572	
2579	2580	
3099	3100	
2595	2596	
2603	2604	
2611	2612	
2619	2620	
2115	2116	
2635	2636	
2643	2644	
3163	3164	
2659	2660	
2667	2668	
2675	2676	
2683	2684	
2179	2180	
2699	2700	
2707	2708	
3227	3228	
2723	2724	
2731	2732	
2739	2740	
2747	2748	
2243	2244	
2763	2764	
2771	2772	
3291	3292	
2787	2788	
2795	2796	
2803	2804	
2811	2812	
2307	2308	
2827	2828	
2835	2836	
3355	3356	
2851	2852	
2859	2860	
2867	2868	
2875	2876	
2371	2372	
2891	2892	
2899	2900	
3419	3420	
2915	2916	
2923	2924	
2931	2932	
2939	2940	
2435	2436	
2955	2956	
2963	2964	
3483	3484	
2979	2980	
2987	2988	
2995	2996	
3003	3004	
2499	2500	
3019	3020	
3027	3028	
3547	3548	
3043	3044	
3051	3052	
3059	3060	
3067	3068	
2051	2052	
2571	2572	
2579	2580	
3099	3100	
2595	2596	
2603	2604	
2611	2612	
2619	2620	
2115	2116	
2635	2636	
2643	2644	
3163	3164	
2659	2660	
2667	2668	
2675	2676	
2683	2684	
2179	2180	
2699	2700	
2707	2708	
3227	3228	
2723	2724	
2731	2732	
2739	2740	
2747	2748	
2243	2244	
2763	2764	
2771	2772	
3291	3292	
2787	2788	
2795	2796	
2803	2804	
2811	2812	
2307	2308	
2827	2828	
2835	2836	
3355	3356	
2851	2852	
2859	2860	
2867	2868	
2875	2876	
2371	2372	
2891	2892	
2899	2900	
3419	3420	
2915	2916	
2923	2924	
2931	2932	
2939	2940	
2435	2436	
2955	2956	
2963	2964	
3483	3484	
2979	2980	
2987	2988	
2995	2996	
3003	3004	
2499	2500	
3019	3020	
3027	3028	
3547	3548	
3043	3044	
3051	3052	
3059	3060	
3067	3068	
2051	2052	
2571	2572	
2579	2580	
3099	3100	
2595	2596	
2603	2604	
2611	2612	
2619	2620	
2115	2116	
2635	2636	
2643	2644	
3163	3164	
2659	2660	
2667	2668	
2675	2676	
2683	2684	
2179	2180	
2699	2700	
2707	2708	
3227	3228	
2723	2724	
2731	2732	
2739	2740	
2747	2748	
2243	2244	
2763	2764	
2771	2772	
3291	3292	
2787	2788	
2795	2796	
2803	2804	
2811	2812	
2307	2308	
2827	2828	
2835	2836	
3355	3356	
2851	2852	
2859	2860	
2867	2868	
2875	2876	
2371	2372	
2891	2892	
2899	2900	
3419	3420	
2915	2916	
2923	2924	
2931	2932	
2939	2940	
2435	2436	
2955	2956	
2963	2964	
3483	3484	
2979	2980	
2987	2988	
2995	2996	
3003	3004	
2499	2500	
3019	3020	
3027	3028	
3547	3548	
3043	3044	
3051	3052	
3059	3060	
3067	3068	
2051	2052	
2571	2572	
2579	2580	
3099	3100	
2595	2596	
2603	2604	
2611	2612	
2619	2620	
2115	2116	
2635	2636	
2643	2644	
3163	3164	
2659	2660	
2667	2668	
2675	2676	
2683	2684	
2179	2180	
2699	2700	
2707	2708	
3227	3228	
2723	2724	
2731	2732	
2739	2740	
2747	2748	
2243	2244	
2763	2764	
2771	2772	
3291	3292	
2787	2788	
2795	2796	
2803	2804	
2811	2812	
2307	2308	
2827	2828	
2835	2836	
3355	3356	
2851	2852	
2859	2860	
2867	2868	
2875	2876	
2371	2372	
2891	2892	
2899	2900	
3419	3420	
2915	2916	
2923	2924	
2931	2932	
2939	2940	
2435	2436	
2955	2956	
2963	2964	
3483	3484	
2979	2980	
2987	2988	
2995	2996	
3003	3004	
2499	2500	
3019	3020	
3027	3028	
3547	3548	
3043	3044	
3051	3052	
3059	3060	
3067	3068	
2051	2052	
2571	2572	
2579	2580	
3099	3100	
2595	2596	
2603	2604	
2611	2612	
2619	2620	
2115	2116	
2635	2636	
2643	2644	
3163	3164	
2659	2660	
2667	2668	
2675	2676	
2683	2684	
2179	2180	
2699	2700	
2707	2708	
3227	3228	
2723	2724	
2731	2732	
2739	2740	
2747	2748	
2243	2244	
2763	2764	
2771	2772	
3291	3292	
2787	2788	
2795	2796	
2803	2804	
2811	2812	
2307	2308	
2827	2828	
2835	2836	
3355	3356	
2851	2852	
2859	2860	
2867	2868	
2875	2876	
2371	2372	
2891	2892	
2899	2900	
3419	3420	
2915	2916	
2923	2924	
2931	2932	
2939	2940	
2435	2436	
2955	2956	
2963	2964	
3483	3484	
2979	2980	
2987	2988	
2995	2996	
3003	3004	
2499	2500	
3019	3020	
3027	3028	
3547	3548	
3043	3044	
3051	3052	
3059	3060	
3067	3068	
2051	2052	
2571	2572	
2579	2580	
3099	3100	
2595	2596	
2603	2604	
2611	2612	
2619	2620	
2115	2116	
2635	2636	
2643	2644	
3163	3164	
2659	2660	
2667	2668	
2675	2676	
2683	2684	
2179	2180	
2699	2700	
2707	2708	
3227	3228	
2723	2724	
2731	2732	
2739	2740	
2747	2748	
2243	2244	
2763	2764	
2771	2772	
3291	3292	
2787	2788	
2795	2796	
2803	2804	
2811	2812	
2307	2308	
2827	2828	
2835	2836	
3355	3356	
2851	2852	
2859	2860	
2867	2868	
2875	2876	
2371	2372	
2891	2892	
2899	2900	
3419	3420	
2915	2916	
2923	2924	
2931	2932	
2939	2940	
2435	2436	
2955	2956	
2963	2964	
3483	3484	
2979	2980	
2987	2988	
2995	2996	
3003	3004	
2499	2500	
3019	3020	
3027	3028	
3547	3548	
3043	3044	
3051	3052	
3059	3060	
3067	3068	
2563	2564	
3083	3084	
3091	3092	
3611	3612	
3107	3108	
3115	3116	
3123	3124	
3131	3132	
2627	2628	
3147	3148	
3155	3156	
3675	3676	
3171	3172	
3179	3180	
3187	3188	
3195	3196	
2691	2692	
3211	3212	
3219	3220	
3739	3740	
3235	3236	
3243	3244	
3251	3252	
3259	3260	
2755	2756	
3275	3276	
3283	3284	
3803	3804	
3299	3300	
3307	3308	
3315	3316	
3323	3324	
2819	2820	
3339	3340	
3347	3348	
3867	3868	
3363	3364	
3371	3372	
3379	3380	
3387	3388	
2883	2884	
3403	3404	
3411	3412	
3931	3932	
3427	3428	
3435	3436	
3443	3444	
3451	3452	
2947	2948	
3467	3468	
3475	3476	
3995	3996	
3491	3492	
3499	3500	
3507	3508	
3515	3516	
3011	3012	
3531	3532	
3539	3540	
4059	4060	
3555	3556	
3563	3564	
3571	3572	
3579	3580	
2563	2564	
3083	3084	
3091	3092	
3611	3612	
3107	3108	
3115	3116	
3123	3124	
3131	3132	
2627	2628	
3147	3148	
3155	3156	
3675	3676	
3171	3172	
3179	3180	
3187	3188	
3195	3196	
2691	2692	
3211	3212	
3219	3220	
3739	3740	
3235	3236	
3243	3244	
3251	3252	
3259	3260	
2755	2756	
3275	3276	
3283	3284	
3803	3804	
3299	3300	
3307	3308	
3315	3316	
3323	3324	
2819	2820	
3339	3340	
3347	3348	
3867	3868	
3363	3364	
3371	3372	
3379	3380	
3387	3388	
2883	2884	
3403	3404	
3411	3412	
3931	3932	
3427	3428	
3435	3436	
3443	3444	
3451	3452	
2947	2948	
3467	3468	
3475	3476	
3995	3996	
3491	3492	
3499	3500	
3507	3508	
3515	3516	
3011	3012	
3531	3532	
3539	3540	
4059	4060	
3555	3556	
3563	3564	
3571	3572	
3579	3580	
2563	2564	
3083	3084	
3091	3092	
3611	3612	
3107	3108	
3115	3116	
3123	3124	
3131	3132	
2627	2628	
3147	3148	
3155	3156	
3675	3676	
3171	3172	
3179	3180	
3187	3188	
3195	3196	
2691	2692	
3211	3212	
3219	3220	
3739	3740	
3235	3236	
3243	3244	
3251	3252	
3259	3260	
2755	2756	
3275	3276	
3283	3284	
3803	3804	
3299	3300	
3307	3308	
3315	3316	
3323	3324	
2819	2820	
3339	3340	
3347	3348	
3867	3868	
3363	3364	
3371	3372	
3379	3380	
3387	3388	
2883	2884	
3403	3404	
3411	3412	
3931	3932	
3427	3428	
3435	3436	
3443	3444	
3451	3452	
2947	2948	
3467	3468	
3475	3476	
3995	3996	
3491	3492	
3499	3500	
3507	3508	
3515	3516	
3011	3012	
3531	3532	
3539	3540	
4059	4060	
3555	3556	
3563	3564	
3571	3572	
3579	3580	
2563	2564	
3083	3084	
3091	3092	
3611	3612	
3107	3108	
3115	3116	
3123	3124	
3131	3132	
2627	2628	
3147	3148	
3155	3156	
3675	3676	
3171	3172	
3179	3180	
3187	3188	
3195	3196	
2691	2692	
3211	3212	
3219	3220	
3739	3740	
3235	3236	
3243	3244	
3251	3252	
3259	3260	
2755	2756	
3275	3276	
3283	3284	
3803	3804	
3299	3300	
3307	3308	
3315	3316	
3323	3324	
2819	2820	
3339	3340	
3347	3348	
3867	3868	
3363	3364	
3371	3372	
3379	3380	
3387	3388	
2883	2884	
3403	3404	
3411	3412	
3931	3932	
3427	3428	
3435	3436	
3443	3444	
3451	3452	
2947	2948	
3467	3468	
3475	3476	
3995	3996	
3491	3492	
3499	3500	
3507	3508	
3515	3516	
3011	3012	
3531	3532	
3539	3540	
4059	4060	
3555	3556	
3563	3564	
3571	3572	
3579	3580	
2563	2564	
3083	3084	
3091	3092	
3611	3612	
3107	3108	
3115	3116	
3123	3124	
3131	3132	
2627	2628	
3147	3148	
3155	3156	
3675	3676	
3171	3172	
3179	3180	
3187	3188	
3195	3196	
2691	2692	
3211	3212	
3219	3220	
3739	3740	
3235	3236	
3243	3244	
3251	3252	
3259	3260	
2755	2756	
3275	3276	
3283	3284	
3803	3804	
3299	3300	
3307	3308	
3315	3316	
3323	3324	
2819	2820	
3339	3340	
3347	3348	
3867	3868	
3363	3364	
3371	3372	
3379	3380	
3387	3388	
2883	2884	
3403	3404	
3411	3412	
3931	3932	
3427	3428	
3435	3436	
3443	3444	
3451	3452	
2947	2948	
3467	3468	
3475	3476	
3995	3996	
3491	3492	
3499	3500	
3507	3508	
3515	3516	
3011	3012	
3531	3532	
3539	3540	
4059	4060	
3555	3556	
3563	3564	
3571	3572	
3579	3580	
2563	2564	
3083	3084	
3091	3092	
3611	3612	
3107	3108	
3115	3116	
3123	3124	
3131	3132	
2627	2628	
3147	3148	
3155	3156	
3675	3676	
3171	3172	
3179	3180	
3187	3188	
3195	3196	
2691	2692	
3211	3212	
3219	3220	
3739	3740	
3235	3236	
3243	3244	
3251	3252	
3259	3260	
2755	2756	
3275	3276	
3283	3284	
3803	3804	
3299	3300	
3307	3308	
3315	3316	
3323	3324	
2819	2820	
3339	3340	
3347	3348	
3867	3868	
3363	3364	
3371	3372	
3379	3380	
3387	3388	
2883	2884	
3403	3404	
3411	3412	
3931	3932	
3427	3428	
3435	3436	
3443	3444	
3451	3452	
2947	2948	
3467	3468	
3475	3476	
3995	3996	
3491	3492	
3499	3500	
3507	3508	
3515	3516	
3011	3012	
3531	3532	
3539	3540	
4059	4060	
3555	3556	
3563	3564	
3571	3572	
3579	3580	
2563	2564	
3083	3084	
3091	3092	
3611	3612	
3107	3108	
3115	3116	
3123	3124	
3131	3132	
2627	2628	
3147	3148	
3155	3156	
3675	3676	
3171	3172	
3179	3180	
3187	3188	
3195	3196	
2691	2692	
3211	3212	
3219	3220	
3739	3740	
3235	3236	
3243	3244	
3251	3252	
3259	3260	
2755	2756	
3275	3276	
3283	3284	
3803	3804	
3299	3300	
3307	3308	
3315	3316	
3323	3324	
2819	2820	
3339	3340	
3347	3348	
3867	3868	
3363	3364	
3371	3372	
3379	3380	
3387	3388	
2883	2884	
3403	3404	
3411	3412	
3931	3932	
3427	3428	
3435	3436	
3443	3444	
3451	3452	
2947	2948	
3467	3468	
3475	3476	
3995	3996	
3491	3492	
3499	3500	
3507	3508	
3515	3516	
3011	3012	
3531	3532	
3539	3540	
4059	4060	
3555	3556	
3563	3564	
3571	3572	
3579	3580	
2563	2564	
3083	3084	
3091	3092	
3611	3612	
3107	3108	
3115	3116	
3123	3124	
3131	3132	
2627	2628	
3147	3148	
3155	3156	
3675	3676	
3171	3172	
3179	3180	
3187	3188	
3195	3196	
2691	2692	
3211	3212	
3219	3220	
3739	3740	
3235	3236	
3243	3244	
3251	3252	
3259	3260	
2755	2756	
3275	3276	
3283	3284	
3803	3804	
3299	3300	
3307	3308	
3315	3316	
3323	3324	
2819	2820	
3339	3340	
3347	3348	
3867	3868	
3363	3364	
3371	3372	
3379	3380	
3387	3388	
2883	2884	
3403	3404	
3411	3412	
3931	3932	
3427	3428	
3435	3436	
3443	3444	
3451	3452	
2947	2948	
3467	3468	
3475	3476	
3995	3996	
3491	3492	
3499	3500	
3507	3508	
3515	3516	
3011	3012	
3531	3532	
3539	3540	
4059	4060	
3555	3556	
3563	3564	
3571	3572	
3579	3580	
3075	3076	
3595	3596	
3603	3604	
2	
3619	3620	
3627	3628	
3635	3636	
3643	3644	
3139	3140	
3659	3660	
3667	3668	
2	
3683	3684	
3691	3692	
3699	3700	
3707	3708	
3203	3204	
3723	3724	
3731	3732	
2	
3747	3748	
3755	3756	
3763	3764	
3771	3772	
3267	3268	
3787	3788	
3795	3796	
2	
3811	3812	
3819	3820	
3827	3828	
3835	3836	
3331	3332	
3851	3852	
3859	3860	
2	
3875	3876	
3883	3884	
3891	3892	
3899	3900	
3395	3396	
3915	3916	
3923	3924	
2	
3939	3940	
3947	3948	
3955	3956	
3963	3964	
3459	3460	
3979	3980	
3987	3988	
2	
4003	4004	
4011	4012	
4019	4020	
4027	4028	
3523	3524	
4043	4044	
4051	4052	
2	
4067	4068	
4075	4076	
4083	4084	
4091	4092	
3075	3076	
3595	3596	
3603	3604	
2	
3619	3620	
3627	3628	
3635	3636	
3643	3644	
3139	3140	
3659	3660	
3667	3668	
2	
3683	3684	
3691	3692	
3699	3700	
3707	3708	
3203	3204	
3723	3724	
3731	3732	
2	
3747	3748	
3755	3756	
3763	3764	
3771	3772	
3267	3268	
3787	3788	
3795	3796	
2	
3811	3812	
3819	3820	
3827	3828	
3835	3836	
3331	3332	
3851	3852	
3859	3860	
2	
3875	3876	
3883	3884	
3891	3892	
3899	3900	
3395	3396	
3915	3916	
3923	3924	
2	
3939	3940	
3947	3948	
3955	3956	
3963	3964	
3459	3460	
3979	3980	
3987	3988	
2	
4003	4004	
4011	4012	
4019	4020	
4027	4028	
3523	3524	
4043	4044	
4051	4052	
2	
4067	4068	
4075	4076	
4083	4084	
4091	4092	
3075	3076	
3595	3596	
3603	3604	
2	
3619	3620	
3627	3628	
3635	3636	
3643	3644	
3139	3140	
3659	3660	
3667	3668	
2	
3683	3684	
3691	3692	
3699	3700	
3707	3708	
3203	3204	
3723	3724	
3731	3732	
2	
3747	3748	
3755	3756	
3763	3764	
3771	3772	
3267	3268	
3787	3788	
3795	3796	
2	
3811	3812	
3819	3820	
3827	3828	
3835	3836	
3331	3332	
3851	3852	
3859	3860	
2	
3875	3876	
3883	3884	
3891	3892	
3899	3900	
3395	3396	
3915	3916	
3923	3924	
2	
3939	3940	
3947	3948	
3955	3956	
3963	3964	
3459	3460	
3979	3980	
3987	3988	
2	
4003	4004	
4011	4012	
4019	4020	
4027	4028	
3523	3524	
4043	4044	
4051	4052	
2	
4067	4068	
4075	4076	
4083	4084	
4091	4092	
3075	3076	
3595	3596	
3603	3604	
2	
3619	3620	
3627	3628	
3635	3636	
3643	3644	
3139	3140	
3659	3660	
3667	3668	
2	
3683	3684	
3691	3692	
3699	3700	
3707	3708	
3203	3204	
3723	3724	
3731	3732	
2	
3747	3748	
3755	3756	
3763	3764	
3771	3772	
3267	3268	
3787	3788	
3795	3796	
2	
3811	3812	
3819	3820	
3827	3828	
3835	3836	
3331	3332	
3851	3852	
3859	3860	
2	
3875	3876	
3883	3884	
3891	3892	
3899	3900	
3395	3396	
3915	3916	
3923	3924	
2	
3939	3940	
3947	3948	
3955	3956	
3963	3964	
3459	3460	
3979	3980	
3987	3988	
2	
4003	4004	
4011	4012	
4019	4020	
4027	4028	
3523	3524	
4043	4044	
4051	4052	
2	
4067	4068	
4075	4076	
4083	4084	
4091	4092	
3075	3076	
3595	3596	
3603	3604	
2	
3619	3620	
3627	3628	
3635	3636	
3643	3644	
3139	3140	
3659	3660	
3667	3668	
2	
3683	3684	
3691	3692	
3699	3700	
3707	3708	
3203	3204	
3723	3724	
3731	3732	
2	
3747	3748	
3755	3756	
3763	3764	
3771	3772	
3267	3268	
3787	3788	
3795	3796	
2	
3811	3812	
3819	3820	
3827	3828	
3835	3836	
3331	3332	
3851	3852	
3859	3860	
2	
3875	3876	
3883	3884	
3891	3892	
3899	3900	
3395	3396	
3915	3916	
3923	3924	
2	
3939	3940	
3947	3948	
3955	3956	
3963	3964	
3459	3460	
3979	3980	
3987	3988	
2	
4003	4004	
4011	4012	
4019	4020	
4027	4028	
3523	3524	
4043	4044	
4051	4052	
2	
4067	4068	
4075	4076	
4083	4084	
4091	4092	
3075	3076	
3595	3596	
3603	3604	
2	
3619	3620	
3627	3628	
3635	3636	
3643	3644	
3139	3140	
3659	3660	
3667	3668	
2	
3683	3684	
3691	3692	
3699	3700	
3707	3708	
3203	3204	
3723	3724	
3731	3732	
2	
3747	3748	
3755	3756	
3763	3764	
3771	3772	
3267	3268	
3787	3788	
3795	3796	
2	
3811	3812	
3819	3820	
3827	3828	
3835	3836	
3331	3332	
3851	3852	
3859	3860	
2	
3875	3876	
3883	3884	
3891	3892	
3899	3900	
3395	3396	
3915	3916	
3923	3924	
2	
3939	3940	
3947	3948	
3955	3956	
3963	3964	
3459	3460	
3979	3980	
3987	3988	
2	
4003	4004	
4011	4012	
4019	4020	
4027	4028	
3523	3524	
4043	4044	
4051	4052	
2	
4067	4068	
4075	4076	
4083	4084	
4091	4092	
3075	3076	
3595	3596	
3603	3604	
2	
3619	3620	
3627	3628	
3635	3636	
3643	3644	
3139	3140	
3659	3660	
3667	3668	
2	
3683	3684	
3691	3692	
3699	3700	
3707	3708	
3203	3204	
3723	3724	
3731	3732	
2	
3747	3748	
3755	3756	
3763	3764	
3771	3772	
3267	3268	
3787	3788	
3795	3796	
2	
3811	3812	
3819	3820	
3827	3828	
3835	3836	
3331	3332	
3851	3852	
3859	3860	
2	
3875	3876	
3883	3884	
3891	3892	
3899	3900	
3395	3396	
3915	3916	
3923	3924	
2	
3939	3940	
3947	3948	
3955	3956	
3963	3964	
3459	3460	
3979	3980	
3987	3988	
2	
4003	4004	
4011	4012	
4019	4020	
4027	4028	
3523	3524	
4043	4044	
4051	4052	
2	
4067	4068	
4075	4076	
4083	4084	
4091	4092	
3075	3076	
3595	3596	
3603	3604	
2	
3619	3620	
3627	3628	
3635	3636	
3643	3644	
3139	3140	
3659	3660	
3667	3668	
2	
3683	3684	
3691	3692	
3699	3700	
3707	3708	
3203	3204	
3723	3724	
3731	3732	
2	
3747	3748	
3755	3756	
3763	3764	
3771	3772	
3267	3268	
3787	3788	
3795	3796	
2	
3811	3812	
3819	3820	
3827	3828	
3835	3836	
3331	3332	
3851	3852	
3859	3860	
2	
3875	3876	
3883	3884	
3891	3892	
3899	3900	
3395	3396	
3915	3916	
3923	3924	
2	
3939	3940	
3947	3948	
3955	3956	
3963	3964	
3459	3460	
3979	3980	
3987	3988	
2	
4003	4004	
4011	4012	
4019	4020	
4027	4028	
3523	3524	
4043	4044	
4051	4052	
2	
4067	4068	
4075	4076	
4083	4084	
4091	4092	
4107	4108	
4179	4180	
4187	4188	
4259	4260	
4203	4204	
4211	4212	
4219	4220	
4227	4228	
1027	1028	
1547	1548	
1555	1556	
2075	2076	
1571	1572	
1579	1580	
1587	1588	
1595	1596	
1091	1092	
1611	1612	
1619	1620	
2139	2140	
1635	1636	
1643	1644	
1651	1652	
1659	1660	
1155	1156	
1675	1676	
1683	1684	
2203	2204	
1699	1700	
1707	1708	
1715	1716	
1723	1724	
1219	1220	
1739	1740	
1747	1748	
2267	2268	
1763	1764	
1771	1772	
1779	1780	
1787	1788	
1283	1284	
1803	1804	
1811	1812	
2331	2332	
1827	1828	
1835	1836	
1843	1844	
1851	1852	
1347	1348	
1867	1868	
1875	1876	
2395	2396	
1891	1892	
1899	1900	
1907	1908	
1915	1916	
1411	1412	
1931	1932	
1939	1940	
2459	2460	
1955	1956	
1963	1964	
1971	1972	
1979	1980	
1475	1476	
1995	1996	
2003	2004	
2523	2524	
2019	2020	
2027	2028	
2035	2036	
2043	2044	
1539	1540	
2059	2060	
2067	2068	
2587	2588	
2083	2084	
2091	2092	
2099	2100	
2107	2108	
1603	1604	
2123	2124	
2131	2132	
2651	2652	
2147	2148	
2155	2156	
2163	2164	
2171	2172	
1667	1668	
2187	2188	
2195	2196	
2715	2716	
2211	2212	
2219	2220	
2227	2228	
2235	2236	
1731	1732	
2251	2252	
2259	2260	
2779	2780	
2275	2276	
2283	2284	
2291	2292	
2299	2300	
1795	1796	
2315	2316	
2323	2324	
2843	2844	
2339	2340	
2347	2348	
2355	2356	
2363	2364	
1859	1860	
2379	2380	
2387	2388	
2907	2908	
2403	2404	
2411	2412	
2419	2420	
2427	2428	
1923	1924	
2443	2444	
2451	2452	
2971	2972	
2467	2468	
2475	2476	
2483	2484	
2491	2492	
1987	1988	
2507	2508	
2515	2516	
3035	3036	
2531	2532	
2539	2540	
2547	2548	
2555	2556	
2051	2052	
2571	2572	
2579	2580	
3099	3100	
2595	2596	
2603	2604	
2611	2612	
2619	2620	
2115	2116	
2635	2636	
2643	2644	
3163	3164	
2659	2660	
2667	2668	
2675	2676	
2683	2684	
2179	2180	
2699	2700	
2707	2708	
3227	3228	
2723	2724	
2731	2732	
2739	2740	
2747	2748	
2243	2244	
2763	2764	
2771	2772	
3291	3292	
2787	2788	
2795	2796	
2803	2804	
2811	2812	
2307	2308	
2827	2828	
2835	2836	
3355	3356	
2851	2852	
2859	2860	
2867	2868	
2875	2876	
2371	2372	
2891	2892	
2899	2900	
3419	3420	
2915	2916	
2923	2924	
2931	2932	
2939	2940	
2435	2436	
2955	2956	
2963	2964	
3483	3484	
2979	2980	
2987	2988	
2995	2996	
3003	3004	
2499	2500	
3019	3020	
3027	3028	
3547	3548	
3043	3044	
3051	3052	
3059	3060	
3067	3068	
